43210453;689;2018-07-05-07:00:00;350.07;564.78
43210467;2805;2018-07-05-07:00:00;21.39;467.89
43210483;3023;2018-07-05-07:00:00;283.02;154.97
43210497;204;2018-07-05-07:00:00;848.73;153.23
43240442;2067;2018-07-05-07:00:30;250.49;893.96
43240456;3456;2018-07-05-07:00:30;521.54;737.26
43240473;2383;2018-07-05-07:00:30;314.14;222.83
43240487;1939;2018-07-05-07:00:30;314.24;226.21
43240504;3833;2018-07-05-07:00:30;579.69;507.28
70507;604;2018-07-05-07:01:00;737.32;199.51
43270454;3651;2018-07-05-07:01:00;847.89;107.15
43270468;4032;2018-07-05-07:01:00;411.41;620.47
43270483;1081;2018-07-05-07:01:00;666.33;415.84
43270499;2082;2018-07-05-07:01:00;629.79;788.90
100472;694;2018-07-05-07:01:30;727.33;127.38
43300448;3595;2018-07-05-07:01:30;947.65;917.03
43300467;286;2018-07-05-07:01:30;852.71;151.76
43300482;3822;2018-07-05-07:01:30;745.30;123.60
43300497;959;2018-07-05-07:01:30;851.56;152.52
130455;917;2018-07-05-07:02:00;851.27;178.57
43330440;697;2018-07-05-07:02:00;683.28;609.88
43330453;3878;2018-07-05-07:02:00;681.88;611.21
43330466;3327;2018-07-05-07:02:00;84.21;335.46
43330482;1962;2018-07-05-07:02:00;237.22;793.80
43330497;1638;2018-07-05-07:02:00;831.13;474.98
160467;927;2018-07-05-07:02:30;751.66;213.22
43360442;877;2018-07-05-07:02:30;519.97;737.36
43360456;2128;2018-07-05-07:02:30;367.75;73.45
43360470;2661;2018-07-05-07:02:30;33.98;392.65
43360484;2983;2018-07-05-07:02:30;931.41;287.40
43360505;3922;2018-07-05-07:02:30;312.58;224.16
190488;1052;2018-07-05-07:03:00;474.46;560.61
43390444;340;2018-07-05-07:03:00;816.15;97.89
43390457;1623;2018-07-05-07:03:00;234.07;794.04
43390472;792;2018-07-05-07:03:00;564.24;647.87
43390489;35;2018-07-05-07:03:00;852.61;106.66
43390503;2568;2018-07-05-07:03:00;95.90;851.02
220458;736;2018-07-05-07:03:30;612.03;264.59
220476;1754;2018-07-05-07:03:30;645.34;151.36
43420460;2730;2018-07-05-07:03:30;952.66;617.16
43420476;2391;2018-07-05-07:03:30;794.45;463.14
43420492;1945;2018-07-05-07:03:30;313.98;223.10
43420507;4079;2018-07-05-07:03:30;899.42;798.13
43450445;3584;2018-07-05-07:03:59;943.17;915.49
43450465;2389;2018-07-05-07:03:59;676.37;982.94
43450486;229;2018-07-05-07:03:59;714.28;26.34
43450510;1041;2018-07-05-07:03:59;982.18;17.94
250449;789;2018-07-05-07:04:00;638.86;522.91
250466;1033;2018-07-05-07:04:00;735.75;135.25
280445;2361;2018-07-05-07:04:30;450.99;564.87
280467;977;2018-07-05-07:04:30;481.41;724.02
280485;578;2018-07-05-07:04:30;335.57;810.03
43480452;466;2018-07-05-07:04:30;714.86;29.41
43480467;18;2018-07-05-07:04:30;876.09;47.64
43480481;1102;2018-07-05-07:04:30;386.43;390.66
43480495;3557;2018-07-05-07:04:30;411.53;619.49
43510452;182;2018-07-05-07:04:59;853.36;178.02
43510465;256;2018-07-05-07:04:59;714.74;27.77
43510478;75;2018-07-05-07:04:59;875.45;45.67
43510491;793;2018-07-05-07:04:59;412.00;620.25
310444;1737;2018-07-05-07:05:00;722.40;592.83
310458;64;2018-07-05-07:05:00;733.45;378.01
310474;1290;2018-07-05-07:05:00;763.88;261.74
340455;1368;2018-07-05-07:05:30;551.42;395.36
340472;390;2018-07-05-07:05:30;525.54;458.07
340488;1265;2018-07-05-07:05:30;679.84;509.17
43540446;1119;2018-07-05-07:05:30;832.02;365.01
43540460;308;2018-07-05-07:05:30;412.02;620.38
43540474;3716;2018-07-05-07:05:30;600.21;547.45
43540487;1098;2018-07-05-07:05:30;482.82;789.79
370444;464;2018-07-05-07:06:00;833.05;512.45
370461;1989;2018-07-05-07:06:00;516.27;544.69
370476;2318;2018-07-05-07:06:00;764.87;263.49
43570441;3891;2018-07-05-07:06:00;411.22;622.40
43570455;715;2018-07-05-07:06:00;817.38;96.92
43570469;2990;2018-07-05-07:06:00;32.65;672.74
43570486;3012;2018-07-05-07:06:00;399.00;949.89
43570500;3314;2018-07-05-07:06:00;60.16;686.09
400451;1184;2018-07-05-07:06:30;775.01;481.12
400467;2111;2018-07-05-07:06:30;733.38;603.28
400479;1519;2018-07-05-07:06:30;251.10;527.00
43600449;940;2018-07-05-07:06:30;349.99;562.37
43600467;2446;2018-07-05-07:06:30;108.76;317.70
43600482;2781;2018-07-05-07:06:30;298.53;196.58
43600497;3591;2018-07-05-07:06:30;223.47;506.58
430450;1065;2018-07-05-07:07:00;734.66;462.36
430471;1193;2018-07-05-07:07:00;540.11;270.85
430495;2838;2018-07-05-07:07:00;600.45;641.35
43630441;1259;2018-07-05-07:07:00;480.11;791.82
43630458;3324;2018-07-05-07:07:00;894.22;500.50
43630472;1101;2018-07-05-07:07:00;481.19;790.53
43630486;1818;2018-07-05-07:07:00;830.38;361.34
43630500;101;2018-07-05-07:07:00;601.61;552.34
460456;1867;2018-07-05-07:07:30;159.44;413.74
460469;2815;2018-07-05-07:07:30;594.25;609.31
460482;1300;2018-07-05-07:07:30;243.29;882.21
43660449;3075;2018-07-05-07:07:30;92.33;851.40
43660461;1732;2018-07-05-07:07:30;189.48;721.80
43660473;3480;2018-07-05-07:07:30;925.36;733.68
43660485;1418;2018-07-05-07:07:30;224.69;501.57
490446;847;2018-07-05-07:08:00;384.95;340.04
490459;2939;2018-07-05-07:08:00;665.28;587.38
490472;852;2018-07-05-07:08:00;378.42;297.12
490484;1176;2018-07-05-07:08:00;666.09;291.92
43690459;3261;2018-07-05-07:08:00;106.57;317.57
43690478;3884;2018-07-05-07:08:00;462.03;182.59
43690494;4206;2018-07-05-07:08:00;716.31;23.38
43690509;1546;2018-07-05-07:08:00;649.05;865.02
520454;2819;2018-07-05-07:08:30;285.89;463.62
520473;2131;2018-07-05-07:08:30;440.25;569.11
520491;196;2018-07-05-07:08:30;728.85;356.15
43720444;3234;2018-07-05-07:08:30;600.85;552.71
43720468;615;2018-07-05-07:08:30;715.86;26.34
43720483;2134;2018-07-05-07:08:30;398.39;951.89
43720499;2581;2018-07-05-07:08:30;341.74;174.74
550441;563;2018-07-05-07:09:00;639.46;510.29
550463;219;2018-07-05-07:09:00;453.17;607.82
550483;2862;2018-07-05-07:09:00;703.72;360.29
550508;577;2018-07-05-07:09:00;334.36;519.62
43750448;1912;2018-07-05-07:09:00;488.94;293.45
43750462;257;2018-07-05-07:09:00;762.85;22.10
43750478;1817;2018-07-05-07:09:00;685.76;286.66
43750492;274;2018-07-05-07:09:00;872.45;46.81
580444;896;2018-07-05-07:09:30;691.45;240.48
580456;926;2018-07-05-07:09:30;853.38;151.22
580475;1282;2018-07-05-07:09:30;666.53;528.67
580488;2824;2018-07-05-07:09:30;665.72;503.48
43780458;2056;2018-07-05-07:09:30;873.56;478.68
43780478;1401;2018-07-05-07:09:30;617.69;763.72
43780497;1228;2018-07-05-07:09:30;318.71;699.66
43780515;48;2018-07-05-07:09:30;580.37;507.59
610449;1249;2018-07-05-07:10:00;733.83;265.98
610467;313;2018-07-05-07:10:00;288.03;624.14
610491;3386;2018-07-05-07:10:00;441.40;567.32
43810442;3098;2018-07-05-07:10:00;30.80;677.22
43810456;4005;2018-07-05-07:10:00;370.12;266.47
43810474;376;2018-07-05-07:10:00;567.41;647.08
43810489;891;2018-07-05-07:10:00;817.61;96.71
43810503;3599;2018-07-05-07:10:00;823.10;904.83
640470;2209;2018-07-05-07:10:30;323.92;667.44
640482;264;2018-07-05-07:10:30;226.57;337.89
640499;3328;2018-07-05-07:10:30;813.74;107.37
43840445;1958;2018-07-05-07:10:30;251.52;895.53
43840463;2908;2018-07-05-07:10:30;95.34;851.57
43840481;3518;2018-07-05-07:10:30;32.98;673.33
43840497;3078;2018-07-05-07:10:30;150.09;135.18
670442;2685;2018-07-05-07:11:00;440.30;565.46
670455;500;2018-07-05-07:11:00;145.34;23.86
670469;2800;2018-07-05-07:11:00;202.53;531.64
670484;1539;2018-07-05-07:11:00;506.07;567.06
43870454;248;2018-07-05-07:11:00;564.64;647.85
43870470;3789;2018-07-05-07:11:00;715.21;31.43
43870489;1444;2018-07-05-07:11:00;798.96;594.19
43870507;1617;2018-07-05-07:11:00;452.18;874.83
700445;342;2018-07-05-07:11:30;667.62;528.08
700459;3084;2018-07-05-07:11:30;283.63;344.74
700473;3006;2018-07-05-07:11:30;505.58;569.72
700490;1502;2018-07-05-07:11:30;122.54;222.04
43900451;3170;2018-07-05-07:11:30;851.68;105.80
43900465;21;2018-07-05-07:11:30;412.44;622.78
43900483;863;2018-07-05-07:11:30;682.44;611.23
43900498;44;2018-07-05-07:11:30;601.02;549.00
730448;623;2018-07-05-07:12:00;738.72;97.39
730465;1869;2018-07-05-07:12:00;707.06;147.18
730478;1294;2018-07-05-07:12:00;816.48;438.34
43930440;2970;2018-07-05-07:12:00;132.69;883.53
43930453;1603;2018-07-05-07:12:00;460.45;180.25
43930469;1823;2018-07-05-07:12:00;668.50;416.37
43930482;696;2018-07-05-07:12:00;762.33;22.08
43930494;3814;2018-07-05-07:12:00;602.85;551.80
760451;3261;2018-07-05-07:12:30;692.84;241.96
760464;1390;2018-07-05-07:12:30;896.43;375.60
760476;3013;2018-07-05-07:12:30;747.29;457.12
43960443;4034;2018-07-05-07:12:30;400.06;955.44
43960458;724;2018-07-05-07:12:30;681.00;611.65
43960473;69;2018-07-05-07:12:30;565.49;647.59
43960489;2320;2018-07-05-07:12:30;306.88;42.26
43960506;2099;2018-07-05-07:12:30;830.32;364.19
790454;2210;2018-07-05-07:13:00;197.78;950.14
790468;1482;2018-07-05-07:13:00;601.56;658.86
790481;746;2018-07-05-07:13:00;834.31;511.71
43990444;2728;2018-07-05-07:13:00;900.18;798.61
43990457;1533;2018-07-05-07:13:00;336.19;827.11
43990470;680;2018-07-05-07:13:00;763.87;21.63
43990482;2373;2018-07-05-07:13:00;418.76;230.93
44020440;2577;2018-07-05-07:13:29;85.91;338.11
44020461;3276;2018-07-05-07:13:29;622.23;768.34
44020487;817;2018-07-05-07:13:29;526.72;456.33
44020499;544;2018-07-05-07:13:29;853.47;152.76
44020511;2214;2018-07-05-07:13:29;387.23;388.92
820453;118;2018-07-05-07:13:30;93.03;757.90
820465;355;2018-07-05-07:13:30;204.55;531.55
820477;437;2018-07-05-07:13:30;735.85;605.16
850444;1877;2018-07-05-07:14:00;442.90;568.12
850459;386;2018-07-05-07:14:00;742.27;308.07
850477;3086;2018-07-05-07:14:00;761.19;261.22
850492;1419;2018-07-05-07:14:00;866.42;455.12
44050449;1304;2018-07-05-07:14:00;745.26;120.82
44050463;223;2018-07-05-07:14:00;854.09;152.52
44050475;1543;2018-07-05-07:14:00;685.48;351.92
44050492;2741;2018-07-05-07:14:00;849.89;106.45
880466;1090;2018-07-05-07:14:30;606.17;656.81
880479;3388;2018-07-05-07:14:30;707.70;147.29
880495;888;2018-07-05-07:14:30;147.45;24.01
880509;1159;2018-07-05-07:14:30;439.11;461.63
44080454;951;2018-07-05-07:14:30;563.03;647.23
44080468;3355;2018-07-05-07:14:30;115.76;459.09
44080481;3179;2018-07-05-07:14:30;152.10;136.33
44080495;2054;2018-07-05-07:14:30;116.52;459.50
910450;2570;2018-07-05-07:15:00;36.22;442.38
910463;310;2018-07-05-07:15:00;747.63;457.92
910476;655;2018-07-05-07:15:00;525.63;459.84
910489;2094;2018-07-05-07:15:00;662.45;301.88
44110455;2070;2018-07-05-07:15:00;874.04;478.54
44110472;2496;2018-07-05-07:15:00;913.92;448.74
44110488;2873;2018-07-05-07:15:00;105.93;317.75
44110503;3805;2018-07-05-07:15:00;410.63;619.15
44140435;1468;2018-07-05-07:15:29;223.26;503.30
44140452;1239;2018-07-05-07:15:29;321.32;698.96
44140466;4024;2018-07-05-07:15:29;751.91;567.44
44140479;1056;2018-07-05-07:15:29;479.59;791.99
940446;675;2018-07-05-07:15:30;737.39;99.75
940459;2813;2018-07-05-07:15:30;74.74;577.11
940471;3384;2018-07-05-07:15:30;764.82;257.90
940485;771;2018-07-05-07:15:30;849.46;106.32
970461;3587;2018-07-05-07:16:00;761.55;261.92
970482;1793;2018-07-05-07:16:00;663.01;294.02
970502;2638;2018-07-05-07:16:00;816.86;438.85
44170442;4062;2018-07-05-07:16:00;847.98;106.35
44170455;1184;2018-07-05-07:16:00;983.18;17.05
44170470;3157;2018-07-05-07:16:00;150.66;138.88
44170489;1170;2018-07-05-07:16:00;570.14;14.08
44170502;2923;2018-07-05-07:16:00;95.34;849.97
1000453;3183;2018-07-05-07:16:30;604.05;660.11
1000468;2424;2018-07-05-07:16:30;640.16;510.67
1000481;1378;2018-07-05-07:16:30;946.91;134.40
44200444;3042;2018-07-05-07:16:30;570.69;15.11
44200460;701;2018-07-05-07:16:30;349.52;563.02
44200472;1326;2018-07-05-07:16:30;479.62;788.67
44200485;4165;2018-07-05-07:16:30;152.09;138.48
1030441;2374;2018-07-05-07:17:00;197.40;948.95
1030454;1692;2018-07-05-07:17:00;339.55;304.15
1030466;828;2018-07-05-07:17:00;697.78;613.30
1030482;3283;2018-07-05-07:17:00;37.15;380.68
44230447;2886;2018-07-05-07:17:00;874.55;964.48
44230464;1633;2018-07-05-07:17:00;399.36;99.95
44230483;3969;2018-07-05-07:17:00;410.76;622.94
44230500;4175;2018-07-05-07:17:00;745.96;122.74
1060443;1821;2018-07-05-07:17:30;175.45;963.53
1060456;676;2018-07-05-07:17:30;35.47;381.39
1060469;2076;2018-07-05-07:17:30;60.47;801.75
1060482;94;2018-07-05-07:17:30;810.85;756.37
44260446;1230;2018-07-05-07:17:30;621.94;768.85
44260460;2155;2018-07-05-07:17:30;937.35;648.00
44260472;1824;2018-07-05-07:17:30;892.53;499.26
44260483;2482;2018-07-05-07:17:30;418.18;226.32
44290443;1911;2018-07-05-07:17:59;915.25;447.28
44290463;121;2018-07-05-07:17:59;564.04;648.08
44290483;1475;2018-07-05-07:17:59;336.45;822.64
44290506;1994;2018-07-05-07:17:59;834.82;473.21
1090441;144;2018-07-05-07:18:00;66.92;837.87
1090454;1134;2018-07-05-07:18:00;320.08;323.53
1090468;828;2018-07-05-07:18:00;699.14;611.33
1090484;2984;2018-07-05-07:18:00;740.63;604.74
44320436;148;2018-07-05-07:18:29;872.67;45.99
44320452;1185;2018-07-05-07:18:29;639.50;707.56
44320468;2840;2018-07-05-07:18:29;926.52;731.41
44320484;2379;2018-07-05-07:18:29;260.69;986.45
1120443;50;2018-07-05-07:18:30;583.70;439.90
1120458;448;2018-07-05-07:18:30;197.47;946.00
1120470;954;2018-07-05-07:18:30;582.63;440.60
1120486;1673;2018-07-05-07:18:30;873.24;281.90
1150447;3595;2018-07-05-07:19:00;695.34;242.71
1150468;424;2018-07-05-07:19:00;727.13;354.36
1150486;911;2018-07-05-07:19:00;650.84;338.73
1150499;333;2018-07-05-07:19:00;695.17;833.32
44350450;345;2018-07-05-07:19:00;715.67;27.86
44350470;886;2018-07-05-07:19:00;641.58;709.44
44350485;3659;2018-07-05-07:19:00;714.16;24.19
44350498;202;2018-07-05-07:19:00;600.81;552.16
1180449;3403;2018-07-05-07:19:30;961.67;13.57
1180466;2488;2018-07-05-07:19:30;439.69;566.15
1180481;130;2018-07-05-07:19:30;76.74;579.19
1180496;2412;2018-07-05-07:19:30;504.86;568.87
44380451;2529;2018-07-05-07:19:30;94.76;851.68
44380463;2354;2018-07-05-07:19:30;914.94;448.42
44380476;574;2018-07-05-07:19:30;588.91;698.29
44380492;3865;2018-07-05-07:19:30;526.82;454.61
1210453;1420;2018-07-05-07:20:00;908.39;27.46
1210471;1086;2018-07-05-07:20:00;307.85;205.73
1210490;2884;2018-07-05-07:20:00;736.00;100.41
1210512;2986;2018-07-05-07:20:00;699.83;612.49
44410454;2259;2018-07-05-07:20:00;918.00;653.05
44410472;2129;2018-07-05-07:20:00;456.78;876.96
44410488;3539;2018-07-05-07:20:00;724.19;885.29
44410502;3778;2018-07-05-07:20:00;853.20;177.72
1240449;3256;2018-07-05-07:20:30;963.05;13.61
1240461;2433;2018-07-05-07:20:30;740.60;277.70
1240473;1163;2018-07-05-07:20:30;203.95;531.19
44440441;1115;2018-07-05-07:20:30;751.04;568.42
44440455;2963;2018-07-05-07:20:30;401.15;99.56
44440469;3965;2018-07-05-07:20:30;479.27;790.67
44440483;2017;2018-07-05-07:20:30;247.22;896.23
44440499;3684;2018-07-05-07:20:30;848.55;106.41
44470440;2215;2018-07-05-07:20:59;248.89;893.01
44470454;2739;2018-07-05-07:20:59;725.28;882.94
44470470;2829;2018-07-05-07:20:59;934.37;286.98
44470486;1312;2018-07-05-07:20:59;716.32;27.75
1270454;740;2018-07-05-07:21:00;76.45;578.95
1270475;2599;2018-07-05-07:21:00;708.06;144.65
1270494;1465;2018-07-05-07:21:00;340.72;306.59
1270515;2214;2018-07-05-07:21:00;909.81;28.95
1300451;2278;2018-07-05-07:21:30;443.30;458.45
1300464;1043;2018-07-05-07:21:30;736.75;96.33
1300476;1494;2018-07-05-07:21:30;439.43;565.87
44500443;3977;2018-07-05-07:21:30;349.06;561.47
44500458;2531;2018-07-05-07:21:30;85.47;333.42
44500471;319;2018-07-05-07:21:30;714.06;26.03
44500484;1385;2018-07-05-07:21:30;819.77;96.00
1330440;1722;2018-07-05-07:22:00;504.70;567.15
1330456;956;2018-07-05-07:22:00;505.53;567.23
1330470;1218;2018-07-05-07:22:00;811.21;618.89
1330483;3410;2018-07-05-07:22:00;958.02;13.94
44530444;3818;2018-07-05-07:22:00;851.36;178.63
44530457;3644;2018-07-05-07:22:00;715.81;26.59
44530471;919;2018-07-05-07:22:00;980.63;16.10
44530486;2740;2018-07-05-07:22:00;850.87;177.44
1360441;2647;2018-07-05-07:22:30;816.26;437.55
1360455;3132;2018-07-05-07:22:30;761.37;260.35
1360467;2394;2018-07-05-07:22:30;761.60;260.29
1360478;1672;2018-07-05-07:22:30;204.88;531.04
44560444;1479;2018-07-05-07:22:30;337.28;825.32
44560457;2598;2018-07-05-07:22:30;266.26;986.86
44560470;681;2018-07-05-07:22:30;713.87;29.07
44560484;1257;2018-07-05-07:22:30;873.68;41.03
1390442;340;2018-07-05-07:23:00;442.18;564.96
1390468;3150;2018-07-05-07:23:00;640.60;513.88
1390488;1970;2018-07-05-07:23:00;691.84;241.69
1390511;92;2018-07-05-07:23:00;738.56;306.90
44590446;582;2018-07-05-07:23:00;580.30;509.53
44590460;470;2018-07-05-07:23:00;761.39;24.59
44590475;74;2018-07-05-07:23:00;412.55;621.55
44590489;2418;2018-07-05-07:23:00;247.87;546.82
1420443;3417;2018-07-05-07:23:30;906.74;29.74
1420459;2348;2018-07-05-07:23:30;601.30;656.42
1420472;3409;2018-07-05-07:23:30;738.51;97.64
1420484;1647;2018-07-05-07:23:30;908.81;30.72
44620448;1467;2018-07-05-07:23:30;223.87;505.26
44620463;3898;2018-07-05-07:23:30;525.27;458.05
44620479;3490;2018-07-05-07:23:30;565.81;646.66
44620494;2984;2018-07-05-07:23:30;130.33;884.10
1450444;2728;2018-07-05-07:24:00;387.84;305.33
1450460;1595;2018-07-05-07:24:00;926.43;366.31
1450476;2234;2018-07-05-07:24:00;439.65;460.39
1450491;2541;2018-07-05-07:24:00;788.14;346.88
44650448;1065;2018-07-05-07:24:00;320.68;701.50
44650467;2206;2018-07-05-07:24:00;671.85;989.05
44650482;2233;2018-07-05-07:24:00;249.54;894.04
44650495;2452;2018-07-05-07:24:00;417.79;225.85
1480447;3469;2018-07-05-07:24:30;961.33;15.25
1480468;2161;2018-07-05-07:24:30;198.10;947.34
1480491;3129;2018-07-05-07:24:30;863.11;456.08
1480511;1395;2018-07-05-07:24:30;808.29;758.23
44680448;2971;2018-07-05-07:24:30;94.23;849.99
44680462;3230;2018-07-05-07:24:30;28.57;675.89
44680475;3811;2018-07-05-07:24:30;528.20;462.35
44680491;2462;2018-07-05-07:24:30;106.66;317.22
44710440;442;2018-07-05-07:24:59;853.04;154.27
44710453;3674;2018-07-05-07:24:59;853.25;178.36
44710474;2027;2018-07-05-07:24:59;872.07;475.57
44710487;1290;2018-07-05-07:24:59;831.30;367.78
1510446;245;2018-07-05-07:25:00;666.34;293.17
1510465;1316;2018-07-05-07:25:00;320.91;321.24
1510480;1824;2018-07-05-07:25:00;349.53;666.87
1510495;93;2018-07-05-07:25:00;947.04;134.01
1540447;2887;2018-07-05-07:25:30;389.13;607.56
1540463;3697;2018-07-05-07:25:30;738.67;97.87
1540476;863;2018-07-05-07:25:30;233.43;766.91
1540490;975;2018-07-05-07:25:30;835.49;512.15
44740450;2376;2018-07-05-07:25:30;280.52;28.23
44740464;2872;2018-07-05-07:25:30;95.08;849.54
44740488;1053;2018-07-05-07:25:30;982.62;20.63
44740503;4136;2018-07-05-07:25:30;715.46;28.28
44770434;2649;2018-07-05-07:25:59;752.54;402.61
44770447;351;2018-07-05-07:25:59;849.06;178.40
44770462;1951;2018-07-05-07:25:59;189.26;720.02
44770476;4186;2018-07-05-07:25:59;850.65;104.61
1570445;2196;2018-07-05-07:26:00;441.35;462.11
1570460;3104;2018-07-05-07:26:00;908.22;29.25
1570475;3594;2018-07-05-07:26:00;761.92;256.50
1570492;2273;2018-07-05-07:26:00;443.81;459.58
1600448;2570;2018-07-05-07:26:30;37.34;444.34
1600461;1340;2018-07-05-07:26:30;816.78;620.58
1600475;1243;2018-07-05-07:26:30;369.03;860.63
1600490;2399;2018-07-05-07:26:30;442.61;460.47
44800462;824;2018-07-05-07:26:30;980.92;17.86
44800478;289;2018-07-05-07:26:30;762.69;24.03
44800492;965;2018-07-05-07:26:30;983.15;18.40
44800510;2314;2018-07-05-07:26:30;899.84;802.40
1630451;3111;2018-07-05-07:27:00;602.80;659.25
1630464;2560;2018-07-05-07:27:00;846.99;566.28
1630477;416;2018-07-05-07:27:00;746.92;455.56
1630490;1324;2018-07-05-07:27:00;863.35;452.59
44830452;3082;2018-07-05-07:27:00;280.95;29.46
44830466;388;2018-07-05-07:27:00;412.48;620.00
44830480;1735;2018-07-05-07:27:00;795.00;460.35
44830497;2542;2018-07-05-07:27:00;85.41;334.97
1660449;2178;2018-07-05-07:27:30;508.72;569.63
1660470;1027;2018-07-05-07:27:30;784.57;343.72
1660484;3389;2018-07-05-07:27:30;907.99;28.18
1660497;2420;2018-07-05-07:27:30;908.77;28.66
44860452;3596;2018-07-05-07:27:30;602.80;551.06
44860464;3887;2018-07-05-07:27:30;565.79;647.76
44860477;871;2018-07-05-07:27:30;682.81;612.60
44860492;1981;2018-07-05-07:27:30;834.89;473.80
1690450;2013;2018-07-05-07:28:00;439.79;566.50
1690465;778;2018-07-05-07:28:00;846.67;566.71
1690479;769;2018-07-05-07:28:00;436.40;565.30
44890440;1;2018-07-05-07:28:00;854.07;151.00
44890456;2764;2018-07-05-07:28:00;925.31;735.54
44890473;526;2018-07-05-07:28:00;851.45;152.10
44890488;3199;2018-07-05-07:28:00;632.53;686.20
44890501;620;2018-07-05-07:28:00;744.62;122.55
1720452;860;2018-07-05-07:28:30;505.41;571.33
1720465;1173;2018-07-05-07:28:30;51.42;730.29
1720478;2312;2018-07-05-07:28:30;761.95;260.35
44920440;4070;2018-07-05-07:28:30;855.86;151.72
44920453;1878;2018-07-05-07:28:30;453.51;878.89
44920469;1854;2018-07-05-07:28:30;874.28;474.95
44920483;2305;2018-07-05-07:28:30;860.31;438.53
44920496;3581;2018-07-05-07:28:30;631.69;690.67
1750462;3664;2018-07-05-07:29:00;761.44;261.58
1750480;66;2018-07-05-07:29:00;777.17;612.45
1750495;1600;2018-07-05-07:29:00;202.65;949.93
44950441;3032;2018-07-05-07:29:00;131.88;883.11
44950455;4049;2018-07-05-07:29:00;58.50;683.20
44950469;1979;2018-07-05-07:29:00;397.03;955.32
44950486;2018;2018-07-05-07:29:00;891.73;502.28
44950500;2524;2018-07-05-07:29:00;914.04;448.16
44980448;11;2018-07-05-07:29:29;581.76;510.58
44980474;1612;2018-07-05-07:29:29;666.69;416.04
44980496;2894;2018-07-05-07:29:29;92.03;851.46
44980513;331;2018-07-05-07:29:29;523.40;458.37
1780450;1470;2018-07-05-07:29:30;566.99;646.25
1780465;2343;2018-07-05-07:29:30;599.45;658.51
1780480;1553;2018-07-05-07:29:30;747.58;458.10
1780492;672;2018-07-05-07:29:30;761.05;260.47
1810453;3479;2018-07-05-07:30:00;691.96;242.31
1810467;3483;2018-07-05-07:30:00;706.36;146.58
1810481;3412;2018-07-05-07:30:00;737.83;97.64
45010442;3564;2018-07-05-07:30:00;872.84;962.74
45010456;2722;2018-07-05-07:30:00;33.38;391.32
45010470;163;2018-07-05-07:30:00;715.38;25.17
45010484;1566;2018-07-05-07:30:00;801.77;592.37
45010506;3653;2018-07-05-07:30:00;412.74;619.73
