0;7;1;1047;1
0;7;6;1430;1
0;1;1;2160;2
0;1;6;2558;2
0;4;1;979;1
0;4;6;1241;1
30;7;1;2413;2
30;7;6;2247;2
30;1;1;2478;2
30;1;6;2812;2
30;8;1;1396;1
30;8;6;1247;1
60;3;1;1376;1
60;3;6;1421;1
60;4;1;983;1
60;4;6;1472;1
60;7;1;2321;2
60;7;6;2581;2
60;2;1;1437;1
60;2;6;1256;1
90;3;1;2771;2
90;3;6;2732;2
90;6;1;2733;2
90;6;6;2341;2
90;4;1;2466;2
90;4;6;2758;2
120;4;1;1402;1
120;4;6;1019;1
120;8;1;2110;2
120;8;6;2457;2
120;1;1;1169;1
120;1;6;1122;1
120;7;1;1235;1
120;7;6;1154;1
120;5;1;1183;1
120;5;6;1207;1
150;3;1;1312;1
150;3;6;1343;1
150;7;1;1139;1
150;7;6;1148;1
150;2;1;941;1
150;2;6;941;1
150;1;1;2337;2
150;1;6;2619;2
150;4;1;953;1
150;4;6;1427;1
180;8;1;1187;1
180;8;6;1375;1
180;4;1;3747;3
180;4;6;2974;3
180;7;1;4095;3
180;7;6;3762;3
210;3;1;1975;2
210;3;6;2430;2
210;5;1;2707;2
210;5;6;2454;2
210;1;1;1454;1
210;1;6;1092;1
210;6;1;1314;1
210;6;6;1458;1
240;8;1;1384;1
240;8;6;1013;1
240;3;1;1478;1
240;3;6;1122;1
270;7;1;4885;4
270;7;6;4568;4
270;3;1;1293;1
270;3;6;1457;1
270;4;1;1234;1
270;4;6;1348;1
270;2;1;1175;1
270;2;6;1421;1
300;8;1;1005;1
300;8;6;1291;1
300;3;1;3513;3
300;3;6;3741;3
330;2;1;2571;2
330;2;6;2060;2
330;8;1;2269;2
330;8;6;2690;2
330;3;1;1016;1
330;3;6;1335;1
330;7;1;2262;2
330;7;6;2140;2
360;5;1;987;1
360;5;6;1058;1
360;8;1;1191;1
360;8;6;950;1
360;3;1;1407;1
360;3;6;1323;1
360;7;1;1994;2
360;7;6;2359;2
360;4;1;1186;1
360;4;6;1291;1
360;1;1;2280;2
360;1;6;2618;2
390;5;1;3458;3
390;5;6;3205;3
390;1;1;4851;4
390;1;6;5128;4
390;7;1;986;1
390;7;6;1272;1
420;5;1;3772;3
420;5;6;2927;3
420;2;1;1296;1
420;2;6;1152;1
420;8;1;2617;2
420;8;6;2471;2
420;7;1;2652;2
420;7;6;2408;2
420;3;1;1190;1
420;3;6;1125;1
450;1;1;2284;2
450;1;6;2714;2
450;8;1;1146;1
450;8;6;1198;1
450;7;1;3962;3
450;7;6;3740;3
450;6;1;1320;1
450;6;6;1449;1
480;2;1;4083;3
480;2;6;3343;3
480;8;1;967;1
480;8;6;1453;1
480;3;1;2706;2
480;3;6;2555;2
480;1;1;2076;2
480;1;6;2174;2
480;7;1;1356;1
480;7;6;1223;1
510;1;1;2393;2
510;1;6;2446;2
510;7;1;2455;2
510;7;6;2783;2
510;3;1;2228;2
510;3;6;2821;2
510;8;1;1285;1
510;8;6;940;1
540;8;1;1121;1
540;8;6;1229;1
540;7;1;2563;2
540;7;6;2699;2
540;3;1;3624;3
540;3;6;3701;3
540;2;1;1015;1
540;2;6;1106;1
540;4;1;1445;1
540;4;6;1379;1
570;3;1;1386;1
570;3;6;1151;1
570;4;1;1133;1
570;4;6;1312;1
570;8;1;3505;3
570;8;6;3331;3
570;5;1;1460;1
570;5;6;970;1
570;7;1;2575;2
570;7;6;2218;2
600;3;1;1378;1
600;3;6;1424;1
600;7;1;2097;2
600;7;6;2691;2
600;1;1;1144;1
600;1;6;1379;1
600;2;1;1324;1
600;2;6;1266;1
600;8;1;1423;1
600;8;6;943;1
600;4;1;1048;1
600;4;6;1440;1
600;6;1;981;1
600;6;6;1017;1
630;7;1;3945;3
630;7;6;3047;3
630;1;1;3575;3
630;1;6;3754;3
630;4;1;1000;1
630;4;6;1126;1
660;7;1;3573;3
660;7;6;3290;3
660;1;1;2392;2
660;1;6;2153;2
660;8;1;1217;1
660;8;6;1349;1
660;3;1;1186;1
660;3;6;1472;1
660;5;1;1456;1
660;5;6;1445;1
690;8;1;6598;5
690;8;6;6031;5
690;1;1;2416;2
690;1;6;2398;2
690;4;1;1456;1
690;4;6;1045;1
690;7;1;1011;1
690;7;6;1277;1
720;3;1;3281;3
720;3;6;3831;3
720;5;1;1242;1
720;5;6;1351;1
720;7;1;1467;1
720;7;6;1248;1
720;2;1;2478;2
720;2;6;2822;2
720;8;1;1411;1
720;8;6;1098;1
750;3;1;3740;3
750;3;6;4073;3
750;4;1;1100;1
750;4;6;1454;1
750;5;1;1333;1
750;5;6;1286;1
750;7;1;2959;2
750;7;6;2338;2
750;8;1;1367;1
750;8;6;1024;1
750;1;1;1023;1
750;1;6;1391;1
780;7;1;2033;2
780;7;6;2632;2
780;8;1;1172;1
780;8;6;1467;1
780;5;1;1473;1
780;5;6;1107;1
780;6;1;2467;2
780;6;6;2506;2
780;3;1;1284;1
780;3;6;1419;1
780;2;1;1419;1
780;2;6;1203;1
810;1;1;2041;2
810;1;6;2483;2
810;5;1;1371;1
810;5;6;1200;1
840;7;1;1435;1
840;7;6;1401;1
840;3;1;4787;4
840;3;6;4928;4
840;5;1;1417;1
840;5;6;1434;1
840;4;1;2462;2
840;4;6;2420;2
870;8;1;1422;1
870;8;6;1414;1
870;3;1;994;1
870;3;6;1218;1
870;1;1;5203;4
870;1;6;4739;4
870;2;1;1178;1
870;2;6;1246;1
870;7;1;1004;1
870;7;6;1371;1
900;1;1;3729;3
900;1;6;3863;3
900;5;1;3584;3
900;5;6;3263;3
900;2;1;1413;1
900;2;6;1216;1
900;3;1;1339;1
900;3;6;1150;1
900;7;1;1216;1
900;7;6;1204;1
930;3;1;2441;2
930;3;6;2419;2
930;1;1;1075;1
930;1;6;1286;1
930;4;1;1162;1
930;4;6;1343;1
960;4;1;3544;3
960;4;6;3848;3
960;3;1;3375;3
960;3;6;3597;3
960;5;1;1049;1
960;5;6;1143;1
960;1;1;1148;1
960;1;6;1485;1
960;7;1;1171;1
960;7;6;1049;1
990;8;1;2520;2
990;8;6;2713;2
990;4;1;1324;1
990;4;6;1387;1
990;3;1;1485;1
990;3;6;1117;1
990;7;1;2454;2
990;7;6;2094;2
990;1;1;1231;1
990;1;6;1251;1
1020;7;1;2367;2
1020;7;6;2253;2
1020;1;1;2574;2
1020;1;6;2093;2
1020;8;1;2564;2
1020;8;6;2882;2
1020;6;1;1071;1
1020;6;6;1078;1
1020;2;1;1307;1
1020;2;6;1363;1
1020;3;1;1401;1
1020;3;6;1243;1
1050;7;1;2009;2
1050;7;6;2621;2
1050;1;1;2908;2
1050;1;6;2559;2
1050;6;1;968;1
1050;6;6;1164;1
1050;5;1;3536;3
1050;5;6;3457;3
1050;2;1;1060;1
1050;2;6;1209;1
1080;8;1;2425;2
1080;8;6;2718;2
1080;7;1;964;1
1080;7;6;1481;1
1080;1;1;945;1
1080;1;6;1151;1
1080;5;1;2059;2
1080;5;6;2158;2
1110;2;1;2583;2
1110;2;6;2155;2
1110;7;1;1351;1
1110;7;6;1087;1
1110;4;1;1044;1
1110;4;6;1049;1
1140;3;1;6342;5
1140;3;6;5747;5
1140;2;1;1402;1
1140;2;6;938;1
1140;6;1;966;1
1140;6;6;1029;1
1140;7;1;1061;1
1140;7;6;1442;1
1140;8;1;1189;1
1140;8;6;1430;1
1170;4;1;992;1
1170;4;6;1124;1
1170;7;1;3503;3
1170;7;6;3646;3
1170;1;1;1416;1
1170;1;6;1342;1
1170;8;1;1024;1
1170;8;6;961;1
1170;5;1;991;1
1170;5;6;1091;1
1170;2;1;1460;1
1170;2;6;986;1
1200;4;1;2520;2
1200;4;6;2339;2
1200;1;1;1096;1
1200;1;6;1085;1
1200;3;1;1081;1
1200;3;6;1449;1
1200;8;1;971;1
1200;8;6;1035;1
1200;5;1;1103;1
1200;5;6;1023;1
1200;7;1;1049;1
1200;7;6;956;1
1200;6;1;1332;1
1200;6;6;958;1
1230;4;1;2415;2
1230;4;6;2317;2
1230;3;1;1089;1
1230;3;6;1095;1
1230;1;1;1243;1
1230;1;6;1318;1
1230;5;1;1295;1
1230;5;6;943;1
1230;2;1;1421;1
1230;2;6;1309;1
1230;7;1;2420;2
1230;7;6;2831;2
1260;4;1;2129;2
1260;4;6;2350;2
1260;1;1;2450;2
1260;1;6;2370;2
1260;3;1;1444;1
1260;3;6;1422;1
1290;2;1;1235;1
1290;2;6;1073;1
1290;3;1;2389;2
1290;3;6;2009;2
1290;7;1;2042;2
1290;7;6;2244;2
1290;1;1;1480;1
1290;1;6;1147;1
1290;4;1;1447;1
1290;4;6;1202;1
1320;8;1;2374;2
1320;8;6;2278;2
1320;5;1;1432;1
1320;5;6;1076;1
1320;4;1;5169;4
1320;4;6;4479;4
1320;3;1;947;1
1320;3;6;973;1
1350;5;1;1269;1
1350;5;6;1368;1
1350;3;1;3945;3
1350;3;6;3932;3
1350;1;1;1457;1
1350;1;6;1230;1
1350;7;1;2282;2
1350;7;6;2766;2
1350;4;1;1380;1
1350;4;6;943;1
1380;7;1;3493;3
1380;7;6;3706;3
1380;8;1;2924;2
1380;8;6;2542;2
1380;3;1;3831;3
1380;3;6;3611;3
1380;1;1;1479;1
1380;1;6;1177;1
1410;7;1;3382;3
1410;7;6;3506;3
1410;4;1;2465;2
1410;4;6;2555;2
1410;8;1;1255;1
1410;8;6;1466;1
1410;3;1;1040;1
1410;3;6;1409;1
1410;1;1;1253;1
1410;1;6;1392;1
1410;2;1;945;1
1410;2;6;1214;1
1440;7;1;3482;3
1440;7;6;2969;3
1440;2;1;4625;4
1440;2;6;4431;4
1440;4;1;1320;1
1440;4;6;1428;1
1440;3;1;1375;1
1440;3;6;1254;1
1440;6;1;1469;1
1440;6;6;1053;1
1470;4;1;1082;1
1470;4;6;1099;1
1470;7;1;2549;2
1470;7;6;2354;2
1470;5;1;1333;1
1470;5;6;1101;1
1470;6;1;1198;1
1470;6;6;1170;1
1470;1;1;2786;2
1470;1;6;2610;2
1470;2;1;1324;1
1470;2;6;1315;1
1500;7;1;2404;2
1500;7;6;2519;2
1500;3;1;1172;1
1500;3;6;1130;1
1500;1;1;1110;1
1500;1;6;1049;1
1500;4;1;1096;1
1500;4;6;1321;1
1530;7;1;4898;4
1530;7;6;4798;4
1530;3;1;2336;2
1530;3;6;2402;2
1530;5;1;1303;1
1530;5;6;1243;1
1530;1;1;958;1
1530;1;6;1251;1
1530;4;1;1155;1
1530;4;6;1250;1
1560;2;1;2753;2
1560;2;6;2336;2
1560;4;1;1029;1
1560;4;6;1132;1
1560;3;1;1370;1
1560;3;6;1385;1
1590;1;1;2349;2
1590;1;6;2474;2
1590;5;1;1177;1
1590;5;6;1197;1
1590;7;1;1054;1
1590;7;6;1331;1
1590;2;1;1164;1
1590;2;6;966;1
1590;4;1;2350;2
1590;4;6;2692;2
1590;3;1;1247;1
1590;3;6;1287;1
1590;6;1;957;1
1590;6;6;1374;1
1620;8;1;1210;1
1620;8;6;1453;1
1620;5;1;4292;4
1620;5;6;4825;4
1620;1;1;2382;2
1620;1;6;2313;2
1620;7;1;958;1
1620;7;6;1463;1
1650;8;1;3731;3
1650;8;6;3545;3
1650;3;1;1313;1
1650;3;6;1427;1
1650;4;1;2311;2
1650;4;6;2858;2
1650;7;1;1184;1
1650;7;6;1266;1
1650;5;1;1175;1
1650;5;6;1230;1
1680;7;1;2075;2
1680;7;6;2292;2
1680;5;1;1027;1
1680;5;6;1264;1
1680;4;1;2580;2
1680;4;6;2228;2
1680;6;1;1444;1
1680;6;6;1249;1
1680;8;1;1196;1
1680;8;6;1131;1
1680;3;1;1081;1
1680;3;6;1070;1
1710;8;1;2297;2
1710;8;6;2356;2
1710;1;1;1121;1
1710;1;6;1200;1
1710;3;1;1409;1
1710;3;6;1395;1
1710;4;1;1235;1
1710;4;6;1262;1
1710;7;1;1381;1
1710;7;6;1288;1
1710;5;1;2377;2
1710;5;6;2055;2
1740;3;1;1308;1
1740;3;6;1418;1
1740;5;1;3972;3
1740;5;6;3517;3
1740;7;1;3599;3
1740;7;6;3413;3
1740;1;1;1042;1
1740;1;6;1087;1
1770;8;1;2713;2
1770;8;6;2420;2
1770;5;1;1215;1
1770;5;6;947;1
1770;3;1;968;1
1770;3;6;1159;1
1800;3;1;4429;4
1800;3;6;5006;4
1800;6;1;1155;1
1800;6;6;1229;1
1800;1;1;1083;1
1800;1;6;1079;1
1800;5;1;1472;1
1800;5;6;1427;1
1800;7;1;1174;1
1800;7;6;1320;1
0;7;1;26523;22
0;7;6;27381;22
0;2;1;19655;17
0;2;6;21503;17
0;3;1;21095;18
0;3;6;21998;18
0;5;1;10221;9
0;5;6;10849;9
0;4;1;24633;21
0;4;6;26357;21
0;1;1;19176;16
0;1;6;19611;16
0;8;1;8289;7
0;8;6;8601;7
0;6;1;2309;2
0;6;6;2668;2
30;3;1;13006;10
30;3;6;11750;10
30;2;1;6584;5
30;2;6;5685;5
30;4;1;23929;20
30;4;6;24022;20
30;8;1;10385;8
30;8;6;9608;8
30;6;1;4883;4
30;6;6;5122;4
30;7;1;9641;8
30;7;6;9377;8
30;1;1;16926;14
30;1;6;17413;14
30;5;1;6505;5
30;5;6;5661;5
60;4;1;10445;9
60;4;6;10739;9
60;7;1;24483;20
60;7;6;24510;20
60;3;1;27889;23
60;3;6;28268;23
60;5;1;5559;4
60;5;6;5094;4
60;2;1;5647;5
60;2;6;5894;5
60;1;1;14248;12
60;1;6;14200;12
60;8;1;3447;3
60;8;6;3740;3
60;6;1;2442;2
60;6;6;2293;2
90;8;1;11330;9
90;8;6;10872;9
90;7;1;37224;31
90;7;6;38098;31
90;3;1;25076;20
90;3;6;23167;20
90;2;1;20296;17
90;2;6;21066;17
90;4;1;20899;16
90;4;6;18418;16
90;1;1;28100;23
90;1;6;28471;23
90;6;1;10595;9
90;6;6;10104;9
90;5;1;5070;4
90;5;6;5044;4
120;3;1;27944;23
120;3;6;26970;23
120;4;1;44134;36
120;4;6;45217;36
120;8;1;26371;21
120;8;6;27244;21
120;7;1;30755;25
120;7;6;31341;25
120;2;1;7585;6
120;2;6;7185;6
120;1;1;26773;22
120;1;6;26015;22
120;5;1;7630;6
120;5;6;7167;6
120;6;1;2503;2
120;6;6;2435;2
150;7;1;30458;26
150;7;6;31170;26
150;2;1;26700;22
150;2;6;27664;22
150;3;1;39228;31
150;3;6;38278;31
150;5;1;10758;9
150;5;6;11062;9
150;4;1;26679;22
150;4;6;26374;22
150;1;1;20846;18
150;1;6;22628;18
150;8;1;23946;20
150;8;6;26210;20
150;6;1;2820;2
150;6;6;2276;2
180;3;1;26739;22
180;3;6;27202;22
180;4;1;40124;33
180;4;6;39913;33
180;8;1;29278;24
180;8;6;28911;24
180;2;1;11607;10
180;2;6;11096;10
180;7;1;21162;17
180;7;6;21143;17
180;1;1;27095;22
180;1;6;26666;22
180;5;1;8136;7
180;5;6;9296;7
180;6;1;2779;2
180;6;6;2234;2
210;3;1;31102;26
210;3;6;31188;26
210;2;1;10020;8
210;2;6;9616;8
210;7;1;29971;24
210;7;6;28120;24
210;8;1;21950;18
210;8;6;21364;18
210;4;1;14003;12
210;4;6;13993;12
210;5;1;6314;5
210;5;6;6114;5
210;1;1;11397;10
210;1;6;11680;10
210;6;1;3338;3
210;6;6;3786;3
240;3;1;17742;14
240;3;6;17339;14
240;7;1;6006;5
240;7;6;6273;5
240;2;1;12818;10
240;2;6;12588;10
240;8;1;25491;21
240;8;6;24508;21
240;1;1;3695;3
240;1;6;3446;3
240;5;1;1321;1
240;5;6;1254;1
270;5;1;17700;14
270;5;6;16172;14
270;8;1;28151;23
270;8;6;28400;23
270;7;1;51374;42
270;7;6;49392;42
270;2;1;36824;29
270;2;6;35536;29
270;4;1;19356;15
270;4;6;16999;15
270;3;1;11259;9
270;3;6;10466;9
270;1;1;20269;16
270;1;6;19974;16
270;6;1;11417;10
270;6;6;11625;10
300;2;1;28271;23
300;2;6;28010;23
300;7;1;19247;15
300;7;6;18782;15
300;1;1;5837;5
300;1;6;6310;5
300;8;1;13532;10
300;8;6;12806;10
300;3;1;14684;12
300;3;6;15114;12
330;8;1;23245;20
330;8;6;24253;20
330;3;1;18434;16
330;3;6;19801;16
330;2;1;31372;26
330;2;6;30287;26
330;6;1;14136;12
330;6;6;13822;12
330;4;1;10470;8
330;4;6;9632;8
330;7;1;27906;23
330;7;6;27780;23
330;5;1;12426;10
330;5;6;12402;10
330;1;1;10555;9
330;1;6;11129;9
360;2;1;32096;27
360;2;6;31198;27
360;4;1;31391;25
360;4;6;30257;25
360;8;1;23298;19
360;8;6;22713;19
360;1;1;23119;19
360;1;6;23022;19
360;3;1;30840;26
360;3;6;30798;26
360;7;1;38087;32
360;7;6;37410;32
360;5;1;17372;15
360;5;6;17738;15
360;6;1;7278;6
360;6;6;7088;6
390;8;1;28941;23
390;8;6;26881;23
390;3;1;16879;14
390;3;6;16881;14
390;7;1;32043;27
390;7;6;33730;27
390;1;1;17855;15
390;1;6;18406;15
390;4;1;11362;9
390;4;6;11002;9
390;2;1;19150;15
390;2;6;18192;15
390;5;1;25364;21
390;5;6;24634;21
390;6;1;7496;6
390;6;6;7368;6
420;8;1;37070;31
420;8;6;37921;31
420;2;1;29212;24
420;2;6;31372;24
420;3;1;22230;18
420;3;6;21047;18
420;7;1;42985;35
420;7;6;42818;35
420;5;1;13859;12
420;5;6;14757;12
420;1;1;4472;4
420;1;6;5178;4
420;6;1;3858;3
420;6;6;4012;3
420;4;1;5313;4
420;4;6;4865;4
450;8;1;40898;33
450;8;6;39875;33
450;2;1;24774;20
450;2;6;23694;20
450;7;1;60891;50
450;7;6;61246;50
450;1;1;29937;24
450;1;6;28994;24
450;4;1;16238;14
450;4;6;15733;14
450;5;1;25228;20
450;5;6;25048;20
450;3;1;5920;5
450;3;6;6425;5
450;6;1;11497;10
450;6;6;12961;10
480;1;1;27387;23
480;1;6;28076;23
480;8;1;24382;19
480;8;6;23095;19
480;2;1;10245;8
480;2;6;9519;8
480;7;1;31410;25
480;7;6;29523;25
480;3;1;25907;22
480;3;6;27858;22
480;5;1;4985;4
480;5;6;4627;4
480;6;1;1977;2
480;6;6;2111;2
480;4;1;18936;15
480;4;6;18553;15
510;1;1;28284;24
510;1;6;29360;24
510;7;1;42063;36
510;7;6;45310;36
510;2;1;30270;26
510;2;6;32301;26
510;8;1;25839;22
510;8;6;26317;22
510;4;1;30860;25
510;4;6;29664;25
510;3;1;17945;14
510;3;6;16912;14
510;5;1;23553;19
510;5;6;23217;19
510;6;1;14195;11
510;6;6;14018;11
540;7;1;38890;32
540;7;6;37768;32
540;4;1;28548;24
540;4;6;29282;24
540;3;1;25600;21
540;3;6;25756;21
540;2;1;25927;21
540;2;6;23992;21
540;8;1;22541;18
540;8;6;21987;18
540;5;1;13333;11
540;5;6;13988;11
540;6;1;6847;6
540;6;6;7474;6
540;1;1;25429;21
540;1;6;24652;21
570;3;1;34534;29
570;3;6;34567;29
570;4;1;10504;9
570;4;6;10216;9
570;8;1;18963;16
570;8;6;20215;16
570;1;1;16534;14
570;1;6;16822;14
570;7;1;35177;30
570;7;6;35100;30
570;5;1;16070;13
570;5;6;15379;13
570;2;1;11333;10
570;2;6;10856;10
570;6;1;6088;5
570;6;6;6001;5
600;8;1;26257;22
600;8;6;26553;22
600;3;1;22193;19
600;3;6;23656;19
600;5;1;14543;12
600;5;6;14823;12
600;4;1;17509;14
600;4;6;17148;14
600;1;1;24105;20
600;1;6;24269;20
600;6;1;7867;7
600;6;6;8754;7
600;7;1;33927;29
600;7;6;35173;29
600;2;1;8457;7
600;2;6;8974;7
630;7;1;50097;40
630;7;6;48334;40
630;1;1;29373;24
630;1;6;29347;24
630;6;1;9175;8
630;6;6;9380;8
630;5;1;27322;22
630;5;6;26588;22
630;2;1;17509;14
630;2;6;17092;14
630;8;1;19039;15
630;8;6;17499;15
630;3;1;37894;32
630;3;6;37051;32
630;4;1;20312;17
630;4;6;21230;17
660;1;1;18243;16
660;1;6;19285;16
660;3;1;37792;31
660;3;6;37968;31
660;5;1;16825;14
660;5;6;15953;14
660;7;1;39686;33
660;7;6;40956;33
660;8;1;17187;14
660;8;6;17427;14
660;4;1;12158;10
660;4;6;11835;10
660;6;1;3876;3
660;6;6;3926;3
660;2;1;5820;5
660;2;6;5373;5
690;7;1;55169;45
690;7;6;53725;45
690;3;1;19026;16
690;3;6;18404;16
690;1;1;19984;17
690;1;6;18815;17
690;4;1;22694;18
690;4;6;22081;18
690;8;1;25304;22
690;8;6;27038;22
690;5;1;18730;15
690;5;6;17764;15
690;2;1;13100;11
690;2;6;13602;11
720;5;1;20056;17
720;5;6;20916;17
720;6;1;9492;8
720;6;6;10010;8
720;7;1;24852;22
720;7;6;25057;22
720;1;1;26766;23
720;1;6;26545;23
720;4;1;25772;22
720;4;6;25970;22
720;3;1;19158;17
720;3;6;21498;17
720;8;1;11372;10
720;8;6;12922;10
720;2;1;12942;10
720;2;6;12701;10
750;3;1;33358;28
750;3;6;34153;28
750;8;1;12359;10
750;8;6;12343;10
750;7;1;47701;39
750;7;6;48764;39
750;1;1;28100;22
750;1;6;26846;22
750;5;1;27465;23
750;5;6;28639;23
750;4;1;22471;19
750;4;6;23270;19
750;2;1;29054;24
750;2;6;27598;24
750;6;1;7397;6
750;6;6;7823;6
780;2;1;14030;11
780;2;6;13579;11
780;3;1;40384;34
780;3;6;40902;34
780;5;1;13120;11
780;5;6;13656;11
780;4;1;23591;20
780;4;6;25377;20
780;7;1;28940;24
780;7;6;28416;24
780;8;1;15053;12
780;8;6;14829;12
780;6;1;12046;10
780;6;6;11190;10
780;1;1;17919;15
780;1;6;18107;15
810;3;1;26504;22
810;3;6;25348;22
810;5;1;13624;11
810;5;6;13303;11
810;4;1;6552;6
810;4;6;7635;6
810;7;1;15211;13
810;7;6;15703;13
810;1;1;18482;16
810;1;6;18473;16
810;6;1;2375;2
810;6;6;2205;2
810;8;1;3759;3
810;8;6;3689;3
840;7;1;51577;43
840;7;6;53459;43
840;4;1;28689;23
840;4;6;27221;23
840;1;1;29606;25
840;1;6;31646;25
840;2;1;10407;8
840;2;6;9959;8
840;8;1;29754;25
840;8;6;31049;25
840;3;1;38734;32
840;3;6;38739;32
840;5;1;27811;22
840;5;6;25887;22
840;6;1;11989;9
840;6;6;10885;9
870;4;1;30454;25
870;4;6;30543;25
870;5;1;32236;25
870;5;6;31393;25
870;7;1;54556;44
870;7;6;53259;44
870;2;1;12963;11
870;2;6;13580;11
870;1;1;44904;37
870;1;6;44101;37
870;8;1;11567;9
870;8;6;10800;9
870;3;1;20046;17
870;3;6;21064;17
870;6;1;8501;7
870;6;6;8547;7
900;4;1;15738;13
900;4;6;14636;13
900;1;1;31740;26
900;1;6;31598;26
900;3;1;24516;20
900;3;6;23544;20
900;5;1;23900;20
900;5;6;24887;20
900;6;1;12096;9
900;6;6;10896;9
900;8;1;7724;7
900;8;6;9176;7
900;7;1;39985;34
900;7;6;38428;34
900;2;1;21081;17
900;2;6;20359;17
930;8;1;12419;11
930;8;6;12433;11
930;3;1;8306;7
930;3;6;7736;7
930;6;1;3941;3
930;6;6;3674;3
930;7;1;7992;6
930;7;6;6663;6
930;5;1;17217;14
930;5;6;16634;14
930;2;1;2067;2
930;2;6;2503;2
930;1;1;15094;13
930;1;6;16474;13
930;4;1;16008;13
930;4;6;16185;13
960;7;1;35967;29
960;7;6;36378;29
960;2;1;10397;9
960;2;6;10538;9
960;1;1;38619;31
960;1;6;36240;31
960;4;1;34450;29
960;4;6;35878;29
960;8;1;33863;28
960;8;6;33438;28
960;3;1;26565;23
960;3;6;26972;23
960;6;1;10911;9
960;6;6;10526;9
960;5;1;11554;9
960;5;6;10711;9
990;4;1;19844;16
990;4;6;20254;16
990;8;1;17214;14
990;8;6;16733;14
990;1;1;29450;24
990;1;6;27753;24
990;7;1;43456;36
990;7;6;44164;36
990;5;1;13269;11
990;5;6;13203;11
990;6;1;10159;8
990;6;6;9497;8
990;3;1;30096;25
990;3;6;30949;25
990;2;1;7284;6
990;2;6;7408;6
1020;2;1;21881;19
1020;2;6;23930;19
1020;8;1;21765;18
1020;8;6;21921;18
1020;5;1;20848;17
1020;5;6;20241;17
1020;7;1;33890;27
1020;7;6;33326;27
1020;1;1;27482;22
1020;1;6;26798;22
1020;3;1;29763;25
1020;3;6;28770;25
1020;6;1;8599;7
1020;6;6;8131;7
1020;4;1;13880;12
1020;4;6;14371;12
1050;1;1;18271;15
1050;1;6;17158;15
1050;5;1;21535;17
1050;5;6;19738;17
1050;4;1;34320;28
1050;4;6;34156;28
1050;8;1;24097;20
1050;8;6;24244;20
1050;2;1;16932;14
1050;2;6;15848;14
1050;3;1;15274;13
1050;3;6;15885;13
1050;7;1;25177;21
1050;7;6;25014;21
1050;6;1;9778;8
1050;6;6;9516;8
1080;8;1;26241;21
1080;8;6;26350;21
1080;1;1;15726;13
1080;1;6;15463;13
1080;6;1;3675;3
1080;6;6;4013;3
1080;7;1;15363;13
1080;7;6;15534;13
1080;3;1;12153;10
1080;3;6;13265;10
1080;4;1;12588;10
1080;4;6;11980;10
1080;2;1;4810;4
1080;2;6;5052;4
1080;5;1;9013;8
1080;5;6;9646;8
1110;4;1;20178;17
1110;4;6;21367;17
1110;6;1;2232;2
1110;6;6;2710;2
1110;5;1;14040;12
1110;5;6;15411;12
1110;1;1;19458;16
1110;1;6;19753;16
1110;7;1;14640;12
1110;7;6;13402;12
1110;2;1;17449;15
1110;2;6;18154;15
1110;8;1;7395;6
1110;8;6;7034;6
1110;3;1;5814;5
1110;3;6;6550;5
1140;7;1;36858;31
1140;7;6;35286;31
1140;3;1;26492;23
1140;3;6;27413;23
1140;8;1;13940;12
1140;8;6;13927;12
1140;5;1;17768;15
1140;5;6;18739;15
1140;6;1;4370;4
1140;6;6;5057;4
1140;4;1;25716;21
1140;4;6;26162;21
1140;2;1;13044;11
1140;2;6;13658;11
1140;1;1;15032;12
1140;1;6;14587;12
1170;4;1;30004;25
1170;4;6;28990;25
1170;1;1;29529;24
1170;1;6;29098;24
1170;6;1;2568;2
1170;6;6;2284;2
1170;2;1;17627;14
1170;2;6;16932;14
1170;3;1;18941;17
1170;3;6;18709;17
1170;7;1;45992;39
1170;7;6;47370;39
1170;8;1;17986;14
1170;8;6;17025;14
1170;5;1;3538;3
1170;5;6;4216;3
1200;4;1;25269;21
1200;4;6;24942;21
1200;3;1;32343;27
1200;3;6;32378;27
1200;7;1;15827;13
1200;7;6;15397;13
1200;1;1;29174;24
1200;1;6;27485;24
1200;6;1;12598;10
1200;6;6;12022;10
1200;5;1;15494;12
1200;5;6;14942;12
1200;8;1;16896;14
1200;8;6;16043;14
1200;2;1;6775;6
1200;2;6;7274;6
1230;5;1;22332;19
1230;5;6;24024;19
1230;1;1;17801;14
1230;1;6;16962;14
1230;8;1;22284;18
1230;8;6;22042;18
1230;3;1;24007;20
1230;3;6;24331;20
1230;2;1;14950;13
1230;2;6;16719;13
1230;4;1;29642;24
1230;4;6;29605;24
1230;7;1;21802;18
1230;7;6;22514;18
1230;6;1;2395;2
1230;6;6;2670;2
1260;1;1;12521;10
1260;1;6;12110;10
1260;2;1;8836;7
1260;2;6;8622;7
1260;5;1;14452;12
1260;5;6;14482;12
1260;7;1;10937;9
1260;7;6;10772;9
1260;3;1;11960;10
1260;3;6;11954;10
1260;4;1;10912;9
1260;4;6;10143;9
1260;8;1;12842;11
1260;8;6;12946;11
1290;4;1;20755;17
1290;4;6;20339;17
1290;3;1;29093;24
1290;3;6;29620;24
1290;8;1;16537;14
1290;8;6;16446;14
1290;2;1;7487;7
1290;2;6;9022;7
1290;1;1;16325;13
1290;1;6;14976;13
1290;5;1;17784;14
1290;5;6;17294;14
1290;7;1;34318;29
1290;7;6;36736;29
1290;6;1;14190;11
1290;6;6;13369;11
1320;5;1;35118;30
1320;5;6;36801;30
1320;8;1;24541;20
1320;8;6;24836;20
1320;4;1;39597;32
1320;4;6;38348;32
1320;3;1;20350;18
1320;3;6;21742;18
1320;1;1;23403;19
1320;1;6;23155;19
1320;7;1;39188;32
1320;7;6;36688;32
1320;2;1;15126;12
1320;2;6;14616;12
1320;6;1;13026;11
1320;6;6;13383;11
1350;8;1;25100;20
1350;8;6;22743;20
1350;3;1;29716;24
1350;3;6;29408;24
1350;4;1;20474;17
1350;4;6;21572;17
1350;1;1;32154;27
1350;1;6;32514;27
1350;2;1;21806;18
1350;2;6;21754;18
1350;7;1;42715;35
1350;7;6;41087;35
1350;6;1;6927;6
1350;6;6;7032;6
1350;5;1;22405;19
1350;5;6;24584;19
1380;4;1;21221;17
1380;4;6;20851;17
1380;1;1;37919;31
1380;1;6;36873;31
1380;7;1;30102;24
1380;7;6;28040;24
1380;3;1;35476;28
1380;3;6;33501;28
1380;8;1;20348;17
1380;8;6;21647;17
1380;6;1;7290;6
1380;6;6;7482;6
1380;2;1;10947;9
1380;2;6;11799;9
1380;5;1;7456;7
1380;5;6;9026;7
1410;1;1;19548;16
1410;1;6;20509;16
1410;3;1;34221;28
1410;3;6;35307;28
1410;8;1;19332;16
1410;8;6;20202;16
1410;4;1;16615;13
1410;4;6;16020;13
1410;5;1;14240;12
1410;5;6;14708;12
1410;2;1;16265;13
1410;2;6;16024;13
1410;7;1;36221;29
1410;7;6;35581;29
1410;6;1;2380;2
1410;6;6;2830;2
1440;4;1;24387;20
1440;4;6;22336;20
1440;1;1;16933;14
1440;1;6;17395;14
1440;2;1;26726;21
1440;2;6;26085;21
1440;5;1;8279;7
1440;5;6;8442;7
1440;7;1;37418;31
1440;7;6;36546;31
1440;8;1;9082;7
1440;8;6;8807;7
1440;3;1;24746;21
1440;3;6;25702;21
1440;6;1;6575;6
1440;6;6;7592;6
1470;7;1;32322;27
1470;7;6;33174;27
1470;1;1;34602;29
1470;1;6;34524;29
1470;3;1;23532;20
1470;3;6;24397;20
1470;6;1;10116;8
1470;6;6;10229;8
1470;2;1;14327;12
1470;2;6;13785;12
1470;5;1;23271;18
1470;5;6;22526;18
1470;8;1;4517;4
1470;8;6;4728;4
1470;4;1;3923;3
1470;4;6;3880;3
1500;3;1;12247;10
1500;3;6;11751;10
1500;7;1;21428;18
1500;7;6;20990;18
1500;5;1;15135;13
1500;5;6;16482;13
1500;1;1;9812;9
1500;1;6;11381;9
1500;8;1;11925;10
1500;8;6;12073;10
1500;2;1;5244;4
1500;2;6;5181;4
1500;4;1;4800;4
1500;4;6;5020;4
1500;6;1;3429;3
1500;6;6;3891;3
1530;6;1;5520;5
1530;6;6;6551;5
1530;4;1;28371;24
1530;4;6;30539;24
1530;2;1;7869;6
1530;2;6;7357;6
1530;7;1;29745;24
1530;7;6;28613;24
1530;1;1;25884;21
1530;1;6;25873;21
1530;5;1;20586;17
1530;5;6;21608;17
1530;3;1;18584;16
1530;3;6;17648;16
1530;8;1;7804;6
1530;8;6;7528;6
1560;7;1;10654;9
1560;7;6;10828;9
1560;2;1;9517;8
1560;2;6;9734;8
1560;5;1;9091;8
1560;5;6;9487;8
1560;3;1;15400;13
1560;3;6;16417;13
1560;4;1;9580;8
1560;4;6;9978;8
1560;6;1;2624;2
1560;6;6;2265;2
1560;8;1;10041;8
1560;8;6;9328;8
1560;1;1;3735;3
1560;1;6;3894;3
1590;7;1;23061;18
1590;7;6;21720;18
1590;1;1;33528;27
1590;1;6;33101;27
1590;4;1;16376;13
1590;4;6;14883;13
1590;2;1;9259;8
1590;2;6;9906;8
1590;6;1;12254;10
1590;6;6;11898;10
1590;8;1;13582;11
1590;8;6;13018;11
1590;3;1;27514;23
1590;3;6;28658;23
1590;5;1;12255;10
1590;5;6;12960;10
1620;1;1;27460;23
1620;1;6;27231;23
1620;3;1;24717;20
1620;3;6;23974;20
1620;4;1;15577;13
1620;4;6;15793;13
1620;5;1;20133;17
1620;5;6;20282;17
1620;8;1;14327;12
1620;8;6;14026;12
1620;6;1;10914;9
1620;6;6;10991;9
1620;7;1;19422;16
1620;7;6;20109;16
1620;2;1;10915;9
1620;2;6;10321;9
1650;1;1;26924;22
1650;1;6;26826;22
1650;4;1;25613;22
1650;4;6;26876;22
1650;2;1;10606;9
1650;2;6;10931;9
1650;7;1;41484;35
1650;7;6;40908;35
1650;8;1;33421;27
1650;8;6;34304;27
1650;6;1;12135;10
1650;6;6;10645;10
1650;5;1;21252;17
1650;5;6;20864;17
1650;3;1;19442;16
1650;3;6;19623;16
1680;3;1;27091;22
1680;3;6;27793;22
1680;7;1;38078;31
1680;7;6;38090;31
1680;1;1;27351;23
1680;1;6;27577;23
1680;2;1;11429;10
1680;2;6;12260;10
1680;4;1;34190;28
1680;4;6;33510;28
1680;5;1;17150;14
1680;5;6;16823;14
1680;8;1;16652;13
1680;8;6;16260;13
1680;6;1;12560;10
1680;6;6;11857;10
1710;8;1;17815;15
1710;8;6;18529;15
1710;1;1;26812;22
1710;1;6;26192;22
1710;6;1;15700;12
1710;6;6;14316;12
1710;7;1;54160;46
1710;7;6;56172;46
1710;4;1;18256;15
1710;4;6;18145;15
1710;5;1;22371;18
1710;5;6;22268;18
1710;3;1;19595;16
1710;3;6;18920;16
1710;2;1;6418;5
1710;2;6;6262;5
1740;5;1;31355;25
1740;5;6;30798;25
1740;2;1;10080;9
1740;2;6;11238;9
1740;1;1;21760;18
1740;1;6;23319;18
1740;4;1;20858;17
1740;4;6;21390;17
1740;7;1;33378;28
1740;7;6;33920;28
1740;6;1;2336;2
1740;6;6;2380;2
1740;3;1;19473;17
1740;3;6;22023;17
1740;8;1;5276;4
1740;8;6;5130;4
1770;8;1;14384;12
1770;8;6;15222;12
1770;7;1;14995;12
1770;7;6;14515;12
1770;5;1;13714;11
1770;5;6;13982;11
1770;3;1;11486;10
1770;3;6;12314;10
1770;1;1;7213;6
1770;1;6;7857;6
1770;2;1;5131;4
1770;2;6;4722;4
1770;4;1;5454;4
1770;4;6;5272;4
1800;8;1;26183;22
1800;8;6;26235;22
1800;3;1;38105;33
1800;3;6;39926;33
1800;1;1;26582;22
1800;1;6;25938;22
1800;7;1;36524;30
1800;7;6;37180;30
1800;5;1;17555;14
1800;5;6;17056;14
1800;6;1;5896;5
1800;6;6;6190;5
1800;2;1;11388;9
1800;2;6;10470;9
1800;4;1;14806;12
1800;4;6;14868;12
0;7;1;26173;22
0;7;6;27969;22
0;2;1;21394;17
0;2;6;20585;17
0;3;1;22559;18
0;3;6;22872;18
0;5;1;11170;9
0;5;6;11017;9
0;4;1;25473;21
0;4;6;26345;21
0;1;1;19923;16
0;1;6;18551;16
0;8;1;8780;7
0;8;6;8830;7
0;6;1;2474;2
0;6;6;2068;2
30;3;1;11606;10
30;3;6;11690;10
30;2;1;6066;5
30;2;6;5489;5
30;4;1;24581;20
30;4;6;23350;20
30;8;1;9044;8
30;8;6;9733;8
30;6;1;5027;4
30;6;6;5118;4
30;7;1;9804;8
30;7;6;10465;8
30;1;1;16348;14
30;1;6;17382;14
30;5;1;6119;5
30;5;6;5920;5
60;4;1;11341;9
60;4;6;10807;9
60;7;1;24435;20
60;7;6;22427;20
60;3;1;27351;23
60;3;6;28692;23
60;5;1;4652;4
60;5;6;4649;4
60;2;1;5230;5
60;2;6;5493;5
60;1;1;15028;12
60;1;6;14572;12
60;8;1;3526;3
60;8;6;3499;3
60;6;1;2329;2
60;6;6;2387;2
90;8;1;11247;9
90;8;6;11530;9
90;7;1;36479;31
90;7;6;37952;31
90;3;1;24219;20
90;3;6;24241;20
90;2;1;20959;17
90;2;6;21352;17
90;4;1;18564;16
90;4;6;18806;16
90;1;1;28742;23
90;1;6;26935;23
90;6;1;10753;9
90;6;6;11435;9
90;5;1;5069;4
90;5;6;5007;4
120;3;1;27829;23
120;3;6;27686;23
120;4;1;42830;36
120;4;6;43623;36
120;8;1;26061;21
120;8;6;25397;21
120;7;1;30451;25
120;7;6;31106;25
120;2;1;7209;6
120;2;6;6243;6
120;1;1;27813;22
120;1;6;27472;22
120;5;1;7416;6
120;5;6;7423;6
120;6;1;2434;2
120;6;6;2673;2
150;7;1;31416;26
150;7;6;30650;26
150;2;1;26712;22
150;2;6;26239;22
150;3;1;38064;31
150;3;6;39005;31
150;5;1;10873;9
150;5;6;11712;9
150;4;1;26649;22
150;4;6;27595;22
150;1;1;22666;18
150;1;6;22222;18
150;8;1;23886;20
150;8;6;23450;20
150;6;1;2466;2
150;6;6;2317;2
180;3;1;26667;22
180;3;6;27804;22
180;4;1;40016;33
180;4;6;39479;33
180;8;1;29639;24
180;8;6;27077;24
180;2;1;11619;10
180;2;6;11812;10
180;7;1;21551;17
180;7;6;21801;17
180;1;1;27440;22
180;1;6;27074;22
180;5;1;8914;7
180;5;6;8382;7
180;6;1;2291;2
180;6;6;2386;2
210;3;1;30890;26
210;3;6;31029;26
210;2;1;9751;8
210;2;6;9395;8
210;7;1;28975;24
210;7;6;29316;24
210;8;1;22876;18
210;8;6;22060;18
210;4;1;14752;12
210;4;6;13570;12
210;5;1;5984;5
210;5;6;6137;5
210;1;1;11722;10
210;1;6;11683;10
210;6;1;3576;3
210;6;6;3512;3
240;3;1;15873;14
240;3;6;16892;14
240;7;1;6021;5
240;7;6;6755;5
240;2;1;12025;10
240;2;6;12115;10
240;8;1;25416;21
240;8;6;26251;21
240;1;1;3297;3
240;1;6;3220;3
240;5;1;1301;1
240;5;6;979;1
270;5;1;16696;14
270;5;6;16651;14
270;8;1;28356;23
270;8;6;28300;23
270;7;1;53019;42
270;7;6;50171;42
270;2;1;33817;29
270;2;6;36308;29
270;4;1;17220;15
270;4;6;18198;15
270;3;1;10946;9
270;3;6;11719;9
270;1;1;19839;16
270;1;6;18975;16
270;6;1;12503;10
270;6;6;11922;10
300;2;1;27580;23
300;2;6;28408;23
300;7;1;18764;15
300;7;6;17663;15
300;1;1;6316;5
300;1;6;6210;5
300;8;1;11797;10
300;8;6;12512;10
300;3;1;14711;12
300;3;6;13758;12
330;8;1;24957;20
330;8;6;24401;20
330;3;1;19284;16
330;3;6;19359;16
330;2;1;29850;26
330;2;6;33276;26
330;6;1;14131;12
330;6;6;14535;12
330;4;1;9666;8
330;4;6;10407;8
330;7;1;27644;23
330;7;6;28119;23
330;5;1;11943;10
330;5;6;12231;10
330;1;1;10210;9
330;1;6;11037;9
360;2;1;31294;27
360;2;6;32305;27
360;4;1;29102;25
360;4;6;32342;25
360;8;1;23334;19
360;8;6;22827;19
360;1;1;23795;19
360;1;6;22515;19
360;3;1;30677;26
360;3;6;31463;26
360;7;1;38920;32
360;7;6;37544;32
360;5;1;18154;15
360;5;6;16779;15
360;6;1;7302;6
360;6;6;7165;6
390;8;1;26950;23
390;8;6;26976;23
390;3;1;15639;14
390;3;6;16707;14
390;7;1;33604;27
390;7;6;31350;27
390;1;1;19895;15
390;1;6;17216;15
390;4;1;10364;9
390;4;6;10864;9
390;2;1;17850;15
390;2;6;19017;15
390;5;1;24535;21
390;5;6;26639;21
390;6;1;6471;6
390;6;6;7318;6
420;8;1;38646;31
420;8;6;37660;31
420;2;1;29325;24
420;2;6;28737;24
420;3;1;21781;18
420;3;6;22827;18
420;7;1;41789;35
420;7;6;42439;35
420;5;1;15214;12
420;5;6;14355;12
420;1;1;5098;4
420;1;6;4796;4
420;6;1;3789;3
420;6;6;3051;3
420;4;1;4560;4
420;4;6;5420;4
450;8;1;40782;33
450;8;6;36640;33
450;2;1;24000;20
450;2;6;24084;20
450;7;1;60626;50
450;7;6;59187;50
450;1;1;30062;24
450;1;6;29026;24
450;4;1;16328;14
450;4;6;15733;14
450;5;1;23769;20
450;5;6;24587;20
450;3;1;6436;5
450;3;6;6019;5
450;6;1;11391;10
450;6;6;12178;10
480;1;1;28136;23
480;1;6;27411;23
480;8;1;22714;19
480;8;6;23141;19
480;2;1;9241;8
480;2;6;10082;8
480;7;1;30239;25
480;7;6;30006;25
480;3;1;26077;22
480;3;6;27750;22
480;5;1;4351;4
480;5;6;5609;4
480;6;1;2430;2
480;6;6;2471;2
480;4;1;17783;15
480;4;6;18489;15
510;1;1;27821;24
510;1;6;29109;24
510;7;1;45133;36
510;7;6;43065;36
510;2;1;32186;26
510;2;6;32808;26
510;8;1;27697;22
510;8;6;27223;22
510;4;1;30112;25
510;4;6;29645;25
510;3;1;15723;14
510;3;6;17946;14
510;5;1;23136;19
510;5;6;23640;19
510;6;1;13289;11
510;6;6;14179;11
540;7;1;39458;32
540;7;6;38657;32
540;4;1;28997;24
540;4;6;29398;24
540;3;1;24282;21
540;3;6;25228;21
540;2;1;25768;21
540;2;6;24634;21
540;8;1;21850;18
540;8;6;21126;18
540;5;1;13895;11
540;5;6;13872;11
540;6;1;6824;6
540;6;6;7380;6
540;1;1;24587;21
540;1;6;24864;21
570;3;1;34843;29
570;3;6;35717;29
570;4;1;9906;9
570;4;6;10190;9
570;8;1;19145;16
570;8;6;19358;16
570;1;1;17227;14
570;1;6;16318;14
570;7;1;35298;30
570;7;6;37076;30
570;5;1;16209;13
570;5;6;15680;13
570;2;1;12448;10
570;2;6;12592;10
570;6;1;6204;5
570;6;6;6223;5
600;8;1;25750;22
600;8;6;26682;22
600;3;1;21925;19
600;3;6;23917;19
600;5;1;14366;12
600;5;6;14157;12
600;4;1;17871;14
600;4;6;16493;14
600;1;1;24120;20
600;1;6;24631;20
600;6;1;8626;7
600;6;6;7873;7
600;7;1;35892;29
600;7;6;33976;29
600;2;1;8639;7
600;2;6;8981;7
630;7;1;48021;40
630;7;6;47744;40
630;1;1;29385;24
630;1;6;28648;24
630;6;1;10249;8
630;6;6;9218;8
630;5;1;26591;22
630;5;6;26500;22
630;2;1;16458;14
630;2;6;18045;14
630;8;1;18151;15
630;8;6;18180;15
630;3;1;39677;32
630;3;6;39268;32
630;4;1;20615;17
630;4;6;21768;17
660;1;1;19934;16
660;1;6;20213;16
660;3;1;37859;31
660;3;6;38986;31
660;5;1;16677;14
660;5;6;16598;14
660;7;1;41131;33
660;7;6;39047;33
660;8;1;16453;14
660;8;6;16563;14
660;4;1;12553;10
660;4;6;12040;10
660;6;1;3245;3
660;6;6;3318;3
660;2;1;5596;5
660;2;6;5998;5
690;7;1;54267;45
690;7;6;53229;45
690;3;1;18808;16
690;3;6;20151;16
690;1;1;21505;17
690;1;6;20713;17
690;4;1;22153;18
690;4;6;20968;18
690;8;1;25357;22
690;8;6;27020;22
690;5;1;19189;15
690;5;6;18428;15
690;2;1;13328;11
690;2;6;13746;11
720;5;1;20706;17
720;5;6;21268;17
720;6;1;9771;8
720;6;6;9343;8
720;7;1;26957;22
720;7;6;25959;22
720;1;1;28078;23
720;1;6;27654;23
720;4;1;26591;22
720;4;6;28372;22
720;3;1;20848;17
720;3;6;21380;17
720;8;1;11728;10
720;8;6;12328;10
720;2;1;11807;10
720;2;6;11689;10
750;3;1;33223;28
750;3;6;33381;28
750;8;1;12510;10
750;8;6;12613;10
750;7;1;49204;39
750;7;6;45514;39
750;1;1;26727;22
750;1;6;26360;22
750;5;1;28509;23
750;5;6;28715;23
750;4;1;24059;19
750;4;6;23228;19
750;2;1;28296;24
750;2;6;28518;24
750;6;1;6962;6
750;6;6;7291;6
780;2;1;13116;11
780;2;6;13166;11
780;3;1;39764;34
780;3;6;39543;34
780;5;1;13154;11
780;5;6;13148;11
780;4;1;24458;20
780;4;6;25054;20
780;7;1;28187;24
780;7;6;28905;24
780;8;1;14112;12
780;8;6;16138;12
780;6;1;11489;10
780;6;6;11978;10
780;1;1;19292;15
780;1;6;18633;15
810;3;1;27022;22
810;3;6;26815;22
810;5;1;13885;11
810;5;6;13262;11
810;4;1;7103;6
810;4;6;7419;6
810;7;1;17122;13
810;7;6;16340;13
810;1;1;19257;16
810;1;6;20151;16
810;6;1;2448;2
810;6;6;2174;2
810;8;1;3354;3
810;8;6;3798;3
840;7;1;52304;43
840;7;6;52513;43
840;4;1;28326;23
840;4;6;27935;23
840;1;1;29378;25
840;1;6;30850;25
840;2;1;9109;8
840;2;6;9802;8
840;8;1;30230;25
840;8;6;29724;25
840;3;1;39343;32
840;3;6;37467;32
840;5;1;27286;22
840;5;6;27093;22
840;6;1;11616;9
840;6;6;11144;9
870;4;1;31823;25
870;4;6;30137;25
870;5;1;29893;25
870;5;6;28679;25
870;7;1;53606;44
870;7;6;53101;44
870;2;1;12399;11
870;2;6;13307;11
870;1;1;45390;37
870;1;6;45555;37
870;8;1;10721;9
870;8;6;10369;9
870;3;1;21447;17
870;3;6;20483;17
870;6;1;8180;7
870;6;6;8599;7
900;4;1;16269;13
900;4;6;15708;13
900;1;1;31558;26
900;1;6;30979;26
900;3;1;24968;20
900;3;6;24825;20
900;5;1;24608;20
900;5;6;24276;20
900;6;1;10051;9
900;6;6;11403;9
900;8;1;8225;7
900;8;6;8247;7
900;7;1;40614;34
900;7;6;41055;34
900;2;1;21434;17
900;2;6;20918;17
930;8;1;13310;11
930;8;6;13382;11
930;3;1;7893;7
930;3;6;7892;7
930;6;1;3426;3
930;6;6;3250;3
930;7;1;7621;6
930;7;6;6741;6
930;5;1;16000;14
930;5;6;17027;14
930;2;1;2378;2
930;2;6;2444;2
930;1;1;15263;13
930;1;6;15618;13
930;4;1;15736;13
930;4;6;16103;13
960;7;1;34608;29
960;7;6;35586;29
960;2;1;11925;9
960;2;6;11390;9
960;1;1;38276;31
960;1;6;36544;31
960;4;1;35281;29
960;4;6;36305;29
960;8;1;34378;28
960;8;6;35263;28
960;3;1;27557;23
960;3;6;27156;23
960;6;1;10725;9
960;6;6;10148;9
960;5;1;10167;9
960;5;6;10324;9
990;4;1;19111;16
990;4;6;18679;16
990;8;1;16622;14
990;8;6;17813;14
990;1;1;29450;24
990;1;6;28656;24
990;7;1;43701;36
990;7;6;45326;36
990;5;1;14032;11
990;5;6;13318;11
990;6;1;10294;8
990;6;6;9426;8
990;3;1;31106;25
990;3;6;29534;25
990;2;1;7237;6
990;2;6;7129;6
1020;2;1;23690;19
1020;2;6;22694;19
1020;8;1;21811;18
1020;8;6;22145;18
1020;5;1;21149;17
1020;5;6;20514;17
1020;7;1;32691;27
1020;7;6;32269;27
1020;1;1;27121;22
1020;1;6;26173;22
1020;3;1;30477;25
1020;3;6;29163;25
1020;6;1;8337;7
1020;6;6;9085;7
1020;4;1;14158;12
1020;4;6;15566;12
1050;1;1;19487;15
1050;1;6;17464;15
1050;5;1;20940;17
1050;5;6;21141;17
1050;4;1;33681;28
1050;4;6;33678;28
1050;8;1;23327;20
1050;8;6;23744;20
1050;2;1;16958;14
1050;2;6;15994;14
1050;3;1;16124;13
1050;3;6;15134;13
1050;7;1;25072;21
1050;7;6;26796;21
1050;6;1;8761;8
1050;6;6;9612;8
1080;8;1;25671;21
1080;8;6;26233;21
1080;1;1;14596;13
1080;1;6;16267;13
1080;6;1;3576;3
1080;6;6;3424;3
1080;7;1;16783;13
1080;7;6;16386;13
1080;3;1;12398;10
1080;3;6;13318;10
1080;4;1;11480;10
1080;4;6;12537;10
1080;2;1;5490;4
1080;2;6;4526;4
1080;5;1;9473;8
1080;5;6;10121;8
1110;4;1;20636;17
1110;4;6;21016;17
1110;6;1;2290;2
1110;6;6;2494;2
1110;5;1;14540;12
1110;5;6;14096;12
1110;1;1;19395;16
1110;1;6;18860;16
1110;7;1;14258;12
1110;7;6;14486;12
1110;2;1;17295;15
1110;2;6;17336;15
1110;8;1;6700;6
1110;8;6;6753;6
1110;3;1;5329;5
1110;3;6;6008;5
1140;7;1;39210;31
1140;7;6;38212;31
1140;3;1;27764;23
1140;3;6;28873;23
1140;8;1;15468;12
1140;8;6;13747;12
1140;5;1;18219;15
1140;5;6;19181;15
1140;6;1;5121;4
1140;6;6;5285;4
1140;4;1;24696;21
1140;4;6;26384;21
1140;2;1;12892;11
1140;2;6;13940;11
1140;1;1;13780;12
1140;1;6;15647;12
1170;4;1;30520;25
1170;4;6;31799;25
1170;1;1;29304;24
1170;1;6;29887;24
1170;6;1;2337;2
1170;6;6;2349;2
1170;2;1;15776;14
1170;2;6;17183;14
1170;3;1;19942;17
1170;3;6;20156;17
1170;7;1;45854;39
1170;7;6;47956;39
1170;8;1;16644;14
1170;8;6;17938;14
1170;5;1;3863;3
1170;5;6;3394;3
1200;4;1;25774;21
1200;4;6;26760;21
1200;3;1;33451;27
1200;3;6;33201;27
1200;7;1;15084;13
1200;7;6;15411;13
1200;1;1;28764;24
1200;1;6;28315;24
1200;6;1;12594;10
1200;6;6;12960;10
1200;5;1;14040;12
1200;5;6;15131;12
1200;8;1;17908;14
1200;8;6;17398;14
1200;2;1;7702;6
1200;2;6;7975;6
1230;5;1;22709;19
1230;5;6;22693;19
1230;1;1;17862;14
1230;1;6;18404;14
1230;8;1;21531;18
1230;8;6;21714;18
1230;3;1;24833;20
1230;3;6;24505;20
1230;2;1;15818;13
1230;2;6;16250;13
1230;4;1;29153;24
1230;4;6;30097;24
1230;7;1;22477;18
1230;7;6;20721;18
1230;6;1;2390;2
1230;6;6;2630;2
1260;1;1;12440;10
1260;1;6;11733;10
1260;2;1;8684;7
1260;2;6;8808;7
1260;5;1;14976;12
1260;5;6;14552;12
1260;7;1;11143;9
1260;7;6;10908;9
1260;3;1;11286;10
1260;3;6;11964;10
1260;4;1;11276;9
1260;4;6;10456;9
1260;8;1;12658;11
1260;8;6;13317;11
1290;4;1;21525;17
1290;4;6;21118;17
1290;3;1;28057;24
1290;3;6;29173;24
1290;8;1;16374;14
1290;8;6;17451;14
1290;2;1;9133;7
1290;2;6;8506;7
1290;1;1;15778;13
1290;1;6;15735;13
1290;5;1;16272;14
1290;5;6;16890;14
1290;7;1;36854;29
1290;7;6;34501;29
1290;6;1;13689;11
1290;6;6;14449;11
1320;5;1;36681;30
1320;5;6;37097;30
1320;8;1;24331;20
1320;8;6;25161;20
1320;4;1;38879;32
1320;4;6;38376;32
1320;3;1;21836;18
1320;3;6;21781;18
1320;1;1;24289;19
1320;1;6;22821;19
1320;7;1;36099;32
1320;7;6;38545;32
1320;2;1;15166;12
1320;2;6;14964;12
1320;6;1;12995;11
1320;6;6;13287;11
1350;8;1;24369;20
1350;8;6;23416;20
1350;3;1;29614;24
1350;3;6;29881;24
1350;4;1;21755;17
1350;4;6;20897;17
1350;1;1;30950;27
1350;1;6;32273;27
1350;2;1;21777;18
1350;2;6;22574;18
1350;7;1;41795;35
1350;7;6;41501;35
1350;6;1;7449;6
1350;6;6;7072;6
1350;5;1;23030;19
1350;5;6;20590;19
1380;4;1;21322;17
1380;4;6;20809;17
1380;1;1;37654;31
1380;1;6;36922;31
1380;7;1;29421;24
1380;7;6;28419;24
1380;3;1;32828;28
1380;3;6;34463;28
1380;8;1;20806;17
1380;8;6;21122;17
1380;6;1;7675;6
1380;6;6;6447;6
1380;2;1;10318;9
1380;2;6;10573;9
1380;5;1;8064;7
1380;5;6;8387;7
1410;1;1;17700;16
1410;1;6;19959;16
1410;3;1;32863;28
1410;3;6;32170;28
1410;8;1;18979;16
1410;8;6;19321;16
1410;4;1;15460;13
1410;4;6;15883;13
1410;5;1;14085;12
1410;5;6;14298;12
1410;2;1;16280;13
1410;2;6;15066;13
1410;7;1;35692;29
1410;7;6;35539;29
1410;6;1;2323;2
1410;6;6;2440;2
1440;4;1;25641;20
1440;4;6;23945;20
1440;1;1;16562;14
1440;1;6;17197;14
1440;2;1;24965;21
1440;2;6;25354;21
1440;5;1;8454;7
1440;5;6;8705;7
1440;7;1;36482;31
1440;7;6;36635;31
1440;8;1;9320;7
1440;8;6;8779;7
1440;3;1;26428;21
1440;3;6;24783;21
1440;6;1;6804;6
1440;6;6;7057;6
1470;7;1;32179;27
1470;7;6;33530;27
1470;1;1;35090;29
1470;1;6;34330;29
1470;3;1;23440;20
1470;3;6;24209;20
1470;6;1;9026;8
1470;6;6;9475;8
1470;2;1;14536;12
1470;2;6;13591;12
1470;5;1;22402;18
1470;5;6;21296;18
1470;8;1;4070;4
1470;8;6;4276;4
1470;4;1;3661;3
1470;4;6;3504;3
1500;3;1;12313;10
1500;3;6;11437;10
1500;7;1;22025;18
1500;7;6;22526;18
1500;5;1;15353;13
1500;5;6;15793;13
1500;1;1;10175;9
1500;1;6;11255;9
1500;8;1;13304;10
1500;8;6;11951;10
1500;2;1;4653;4
1500;2;6;4958;4
1500;4;1;4977;4
1500;4;6;4804;4
1500;6;1;3783;3
1500;6;6;3503;3
1530;6;1;5951;5
1530;6;6;5534;5
1530;4;1;28675;24
1530;4;6;29050;24
1530;2;1;6992;6
1530;2;6;7321;6
1530;7;1;30255;24
1530;7;6;29348;24
1530;1;1;24900;21
1530;1;6;25094;21
1530;5;1;20659;17
1530;5;6;19567;17
1530;3;1;19546;16
1530;3;6;20684;16
1530;8;1;7407;6
1530;8;6;7387;6
1560;7;1;11016;9
1560;7;6;10097;9
1560;2;1;10101;8
1560;2;6;9638;8
1560;5;1;10185;8
1560;5;6;9629;8
1560;3;1;15974;13
1560;3;6;16164;13
1560;4;1;8827;8
1560;4;6;10227;8
1560;6;1;2475;2
1560;6;6;2411;2
1560;8;1;9552;8
1560;8;6;9898;8
1560;1;1;3527;3
1560;1;6;3733;3
1590;7;1;20774;18
1590;7;6;21994;18
1590;1;1;31932;27
1590;1;6;33074;27
1590;4;1;15046;13
1590;4;6;16078;13
1590;2;1;9932;8
1590;2;6;9304;8
1590;6;1;11705;10
1590;6;6;12470;10
1590;8;1;13128;11
1590;8;6;13563;11
1590;3;1;28254;23
1590;3;6;27217;23
1590;5;1;12168;10
1590;5;6;12368;10
1620;1;1;27262;23
1620;1;6;28390;23
1620;3;1;24643;20
1620;3;6;24071;20
1620;4;1;15415;13
1620;4;6;15937;13
1620;5;1;20948;17
1620;5;6;21238;17
1620;8;1;14494;12
1620;8;6;15143;12
1620;6;1;10759;9
1620;6;6;10873;9
1620;7;1;20133;16
1620;7;6;20337;16
1620;2;1;10686;9
1620;2;6;11038;9
1650;1;1;25901;22
1650;1;6;27650;22
1650;4;1;26549;22
1650;4;6;26278;22
1650;2;1;10692;9
1650;2;6;11120;9
1650;7;1;42262;35
1650;7;6;41790;35
1650;8;1;31869;27
1650;8;6;31776;27
1650;6;1;12109;10
1650;6;6;12254;10
1650;5;1;20122;17
1650;5;6;19783;17
1650;3;1;19111;16
1650;3;6;19973;16
1680;3;1;27140;22
1680;3;6;27501;22
1680;7;1;38191;31
1680;7;6;38090;31
1680;1;1;28371;23
1680;1;6;27083;23
1680;2;1;11633;10
1680;2;6;12622;10
1680;4;1;33867;28
1680;4;6;34377;28
1680;5;1;17957;14
1680;5;6;17062;14
1680;8;1;15155;13
1680;8;6;15946;13
1680;6;1;12434;10
1680;6;6;11773;10
1710;8;1;17577;15
1710;8;6;18137;15
1710;1;1;26701;22
1710;1;6;27674;22
1710;6;1;14696;12
1710;6;6;14810;12
1710;7;1;53576;46
1710;7;6;57414;46
1710;4;1;18690;15
1710;4;6;18649;15
1710;5;1;22075;18
1710;5;6;20920;18
1710;3;1;18057;16
1710;3;6;19681;16
1710;2;1;6360;5
1710;2;6;6131;5
1740;5;1;28840;25
1740;5;6;29969;25
1740;2;1;10743;9
1740;2;6;10911;9
1740;1;1;22343;18
1740;1;6;21940;18
1740;4;1;20982;17
1740;4;6;21203;17
1740;7;1;33968;28
1740;7;6;33889;28
1740;6;1;2136;2
1740;6;6;2692;2
1740;3;1;20785;17
1740;3;6;20481;17
1740;8;1;4715;4
1740;8;6;4886;4
1770;8;1;12818;12
1770;8;6;14292;12
1770;7;1;14970;12
1770;7;6;15273;12
1770;5;1;12384;11
1770;5;6;13303;11
1770;3;1;11604;10
1770;3;6;11552;10
1770;1;1;7346;6
1770;1;6;7494;6
1770;2;1;4614;4
1770;2;6;4810;4
1770;4;1;4554;4
1770;4;6;4875;4
1800;8;1;25860;22
1800;8;6;26846;22
1800;3;1;38636;33
1800;3;6;39626;33
1800;1;1;27214;22
1800;1;6;27104;22
1800;7;1;36602;30
1800;7;6;36652;30
1800;5;1;16825;14
1800;5;6;16643;14
1800;6;1;6443;5
1800;6;6;6370;5
1800;2;1;11192;9
1800;2;6;11269;9
1800;4;1;14293;12
1800;4;6;14145;12
0;7;1;26922;22
0;7;6;27119;22
0;2;1;20234;17
0;2;6;20741;17
0;3;1;20501;18
0;3;6;21210;18
0;5;1;10868;9
0;5;6;10893;9
0;4;1;25849;21
0;4;6;26182;21
0;1;1;18421;16
0;1;6;19322;16
0;8;1;8135;7
0;8;6;8502;7
0;6;1;2325;2
0;6;6;2275;2
30;3;1;11864;10
30;3;6;12456;10
30;2;1;6204;5
30;2;6;6354;5
30;4;1;24823;20
30;4;6;24181;20
30;8;1;9196;8
30;8;6;9362;8
30;6;1;5198;4
30;6;6;5189;4
30;7;1;9527;8
30;7;6;10066;8
30;1;1;17864;14
30;1;6;17219;14
30;5;1;6501;5
30;5;6;5505;5
60;4;1;10795;9
60;4;6;10339;9
60;7;1;22801;20
60;7;6;24013;20
60;3;1;27911;23
60;3;6;27374;23
60;5;1;4674;4
60;5;6;4520;4
60;2;1;6566;5
60;2;6;5834;5
60;1;1;15295;12
60;1;6;14059;12
60;8;1;3869;3
60;8;6;3508;3
60;6;1;2506;2
60;6;6;2154;2
90;8;1;10546;9
90;8;6;11665;9
90;7;1;38465;31
90;7;6;36557;31
90;3;1;24684;20
90;3;6;23368;20
90;2;1;21507;17
90;2;6;19492;17
90;4;1;19810;16
90;4;6;18605;16
90;1;1;27549;23
90;1;6;26812;23
90;6;1;11145;9
90;6;6;10679;9
90;5;1;4478;4
90;5;6;4779;4
120;3;1;27915;23
120;3;6;28161;23
120;4;1;44917;36
120;4;6;42015;36
120;8;1;25140;21
120;8;6;26348;21
120;7;1;30643;25
120;7;6;29217;25
120;2;1;7537;6
120;2;6;7876;6
120;1;1;26141;22
120;1;6;27071;22
120;5;1;7383;6
120;5;6;7488;6
120;6;1;1959;2
120;6;6;2170;2
150;7;1;30803;26
150;7;6;31258;26
150;2;1;25724;22
150;2;6;25958;22
150;3;1;39209;31
150;3;6;35798;31
150;5;1;10865;9
150;5;6;12037;9
150;4;1;25969;22
150;4;6;26934;22
150;1;1;22950;18
150;1;6;21521;18
150;8;1;24810;20
150;8;6;24778;20
150;6;1;2434;2
150;6;6;2656;2
180;3;1;26566;22
180;3;6;26535;22
180;4;1;38942;33
180;4;6;40669;33
180;8;1;28387;24
180;8;6;28634;24
180;2;1;12249;10
180;2;6;12941;10
180;7;1;21162;17
180;7;6;20574;17
180;1;1;27168;22
180;1;6;26602;22
180;5;1;8735;7
180;5;6;8682;7
180;6;1;1905;2
180;6;6;2728;2
210;3;1;31667;26
210;3;6;32033;26
210;2;1;9450;8
210;2;6;9489;8
210;7;1;29031;24
210;7;6;28451;24
210;8;1;22040;18
210;8;6;22320;18
210;4;1;14883;12
210;4;6;14044;12
210;5;1;6030;5
210;5;6;5991;5
210;1;1;10888;10
210;1;6;12089;10
210;6;1;3559;3
210;6;6;3522;3
240;3;1;16844;14
240;3;6;17591;14
240;7;1;6526;5
240;7;6;5806;5
240;2;1;12126;10
240;2;6;11701;10
240;8;1;25700;21
240;8;6;24874;21
240;1;1;3661;3
240;1;6;2819;3
240;5;1;1309;1
240;5;6;1485;1
270;5;1;16627;14
270;5;6;15352;14
270;8;1;28225;23
270;8;6;27851;23
270;7;1;51451;42
270;7;6;49731;42
270;2;1;35571;29
270;2;6;36983;29
270;4;1;18391;15
270;4;6;18062;15
270;3;1;10441;9
270;3;6;11200;9
270;1;1;19781;16
270;1;6;18441;16
270;6;1;13007;10
270;6;6;11469;10
300;2;1;27528;23
300;2;6;27107;23
300;7;1;18146;15
300;7;6;19204;15
300;1;1;5787;5
300;1;6;6471;5
300;8;1;11693;10
300;8;6;12477;10
300;3;1;14549;12
300;3;6;14714;12
330;8;1;24270;20
330;8;6;24253;20
330;3;1;19183;16
330;3;6;18471;16
330;2;1;32744;26
330;2;6;30492;26
330;6;1;13816;12
330;6;6;14710;12
330;4;1;8364;8
330;4;6;9689;8
330;7;1;27954;23
330;7;6;28005;23
330;5;1;13015;10
330;5;6;12358;10
330;1;1;10834;9
330;1;6;10338;9
360;2;1;33254;27
360;2;6;33181;27
360;4;1;30201;25
360;4;6;30562;25
360;8;1;21767;19
360;8;6;22908;19
360;1;1;22679;19
360;1;6;22552;19
360;3;1;31735;26
360;3;6;30585;26
360;7;1;39694;32
360;7;6;39500;32
360;5;1;18324;15
360;5;6;18698;15
360;6;1;6990;6
360;6;6;6764;6
390;8;1;28012;23
390;8;6;27657;23
390;3;1;16130;14
390;3;6;16377;14
390;7;1;32352;27
390;7;6;30980;27
390;1;1;18607;15
390;1;6;18251;15
390;4;1;10540;9
390;4;6;10128;9
390;2;1;17624;15
390;2;6;17821;15
390;5;1;25366;21
390;5;6;26281;21
390;6;1;6971;6
390;6;6;7246;6
420;8;1;37039;31
420;8;6;37217;31
420;2;1;28898;24
420;2;6;29709;24
420;3;1;20257;18
420;3;6;22246;18
420;7;1;42701;35
420;7;6;41942;35
420;5;1;13884;12
420;5;6;15302;12
420;1;1;5329;4
420;1;6;5547;4
420;6;1;3546;3
420;6;6;3598;3
420;4;1;5143;4
420;4;6;5261;4
450;8;1;41019;33
450;8;6;40114;33
450;2;1;23253;20
450;2;6;24436;20
450;7;1;58869;50
450;7;6;58403;50
450;1;1;28626;24
450;1;6;28099;24
450;4;1;17008;14
450;4;6;16904;14
450;5;1;24141;20
450;5;6;24658;20
450;3;1;5927;5
450;3;6;6167;5
450;6;1;12558;10
450;6;6;11639;10
480;1;1;28031;23
480;1;6;27524;23
480;8;1;23780;19
480;8;6;23697;19
480;2;1;9968;8
480;2;6;10006;8
480;7;1;30089;25
480;7;6;30605;25
480;3;1;26217;22
480;3;6;27170;22
480;5;1;4683;4
480;5;6;4861;4
480;6;1;2493;2
480;6;6;2362;2
480;4;1;17447;15
480;4;6;18347;15
510;1;1;30125;24
510;1;6;29513;24
510;7;1;42941;36
510;7;6;45232;36
510;2;1;29080;26
510;2;6;31059;26
510;8;1;27021;22
510;8;6;27236;22
510;4;1;30326;25
510;4;6;30648;25
510;3;1;16815;14
510;3;6;17264;14
510;5;1;22607;19
510;5;6;23649;19
510;6;1;12470;11
510;6;6;12845;11
540;7;1;39051;32
540;7;6;38269;32
540;4;1;29619;24
540;4;6;29040;24
540;3;1;26539;21
540;3;6;25898;21
540;2;1;25175;21
540;2;6;25543;21
540;8;1;21915;18
540;8;6;20960;18
540;5;1;13744;11
540;5;6;13046;11
540;6;1;7975;6
540;6;6;7882;6
540;1;1;25968;21
540;1;6;25518;21
570;3;1;37587;29
570;3;6;37043;29
570;4;1;11558;9
570;4;6;11098;9
570;8;1;19780;16
570;8;6;19205;16
570;1;1;16051;14
570;1;6;17049;14
570;7;1;36215;30
570;7;6;36293;30
570;5;1;15903;13
570;5;6;16447;13
570;2;1;11626;10
570;2;6;12387;10
570;6;1;5664;5
570;6;6;6025;5
600;8;1;27674;22
600;8;6;27084;22
600;3;1;22814;19
600;3;6;22074;19
600;5;1;14445;12
600;5;6;14122;12
600;4;1;16969;14
600;4;6;17068;14
600;1;1;23218;20
600;1;6;25093;20
600;6;1;8080;7
600;6;6;9003;7
600;7;1;36540;29
600;7;6;34395;29
600;2;1;7859;7
600;2;6;8527;7
630;7;1;47486;40
630;7;6;48873;40
630;1;1;28455;24
630;1;6;29596;24
630;6;1;9190;8
630;6;6;10113;8
630;5;1;26830;22
630;5;6;25053;22
630;2;1;16135;14
630;2;6;16737;14
630;8;1;18651;15
630;8;6;18635;15
630;3;1;39380;32
630;3;6;39669;32
630;4;1;20517;17
630;4;6;20354;17
660;1;1;19970;16
660;1;6;20364;16
660;3;1;37119;31
660;3;6;37739;31
660;5;1;17078;14
660;5;6;17565;14
660;7;1;39743;33
660;7;6;39491;33
660;8;1;16528;14
660;8;6;16557;14
660;4;1;12098;10
660;4;6;11498;10
660;6;1;3592;3
660;6;6;3542;3
660;2;1;5958;5
660;2;6;5949;5
690;7;1;54714;45
690;7;6;56041;45
690;3;1;20590;16
690;3;6;18330;16
690;1;1;19805;17
690;1;6;20955;17
690;4;1;23299;18
690;4;6;21840;18
690;8;1;26508;22
690;8;6;25816;22
690;5;1;18501;15
690;5;6;17798;15
690;2;1;13755;11
690;2;6;12483;11
720;5;1;20119;17
720;5;6;20001;17
720;6;1;9877;8
720;6;6;9470;8
720;7;1;25945;22
720;7;6;27151;22
720;1;1;26698;23
720;1;6;28912;23
720;4;1;27136;22
720;4;6;27422;22
720;3;1;20828;17
720;3;6;19528;17
720;8;1;11810;10
720;8;6;12017;10
720;2;1;11343;10
720;2;6;12252;10
750;3;1;34864;28
750;3;6;34792;28
750;8;1;12288;10
750;8;6;11872;10
750;7;1;46863;39
750;7;6;49094;39
750;1;1;25770;22
750;1;6;26281;22
750;5;1;28100;23
750;5;6;27573;23
750;4;1;23061;19
750;4;6;23149;19
750;2;1;28903;24
750;2;6;30202;24
750;6;1;6852;6
750;6;6;7287;6
780;2;1;13415;11
780;2;6;13257;11
780;3;1;42508;34
780;3;6;43164;34
780;5;1;14470;11
780;5;6;13721;11
780;4;1;25110;20
780;4;6;24077;20
780;7;1;30378;24
780;7;6;29112;24
780;8;1;15088;12
780;8;6;13104;12
780;6;1;12305;10
780;6;6;12754;10
780;1;1;19284;15
780;1;6;17763;15
810;3;1;26728;22
810;3;6;27228;22
810;5;1;13691;11
810;5;6;12839;11
810;4;1;7660;6
810;4;6;7000;6
810;7;1;15722;13
810;7;6;15408;13
810;1;1;18707;16
810;1;6;18323;16
810;6;1;2659;2
810;6;6;2211;2
810;8;1;3741;3
810;8;6;3628;3
840;7;1;51631;43
840;7;6;51140;43
840;4;1;28078;23
840;4;6;28899;23
840;1;1;31012;25
840;1;6;30764;25
840;2;1;9509;8
840;2;6;9679;8
840;8;1;29731;25
840;8;6;31525;25
840;3;1;37718;32
840;3;6;38263;32
840;5;1;26076;22
840;5;6;27771;22
840;6;1;10730;9
840;6;6;11197;9
870;4;1;29545;25
870;4;6;31146;25
870;5;1;30554;25
870;5;6;29280;25
870;7;1;53847;44
870;7;6;55495;44
870;2;1;14369;11
870;2;6;13945;11
870;1;1;45482;37
870;1;6;45590;37
870;8;1;11449;9
870;8;6;9774;9
870;3;1;20996;17
870;3;6;19513;17
870;6;1;7853;7
870;6;6;7629;7
900;4;1;15568;13
900;4;6;15520;13
900;1;1;30784;26
900;1;6;31644;26
900;3;1;24863;20
900;3;6;23808;20
900;5;1;23929;20
900;5;6;23649;20
900;6;1;10732;9
900;6;6;10938;9
900;8;1;8940;7
900;8;6;8172;7
900;7;1;40343;34
900;7;6;41944;34
900;2;1;21217;17
900;2;6;20462;17
930;8;1;13625;11
930;8;6;12512;11
930;3;1;8409;7
930;3;6;8810;7
930;6;1;3667;3
930;6;6;4165;3
930;7;1;7219;6
930;7;6;7365;6
930;5;1;17110;14
930;5;6;17087;14
930;2;1;2391;2
930;2;6;2646;2
930;1;1;16276;13
930;1;6;14645;13
930;4;1;15448;13
930;4;6;16389;13
960;7;1;35520;29
960;7;6;34746;29
960;2;1;10569;9
960;2;6;10508;9
960;1;1;37686;31
960;1;6;36742;31
960;4;1;34286;29
960;4;6;36176;29
960;8;1;33331;28
960;8;6;33808;28
960;3;1;28290;23
960;3;6;26847;23
960;6;1;11294;9
960;6;6;10807;9
960;5;1;9942;9
960;5;6;10831;9
990;4;1;19101;16
990;4;6;19096;16
990;8;1;17390;14
990;8;6;17209;14
990;1;1;29390;24
990;1;6;27752;24
990;7;1;43873;36
990;7;6;43294;36
990;5;1;13022;11
990;5;6;12942;11
990;6;1;9415;8
990;6;6;8489;8
990;3;1;29665;25
990;3;6;30116;25
990;2;1;7666;6
990;2;6;7465;6
1020;2;1;24029;19
1020;2;6;23542;19
1020;8;1;22324;18
1020;8;6;21708;18
1020;5;1;20540;17
1020;5;6;20793;17
1020;7;1;32047;27
1020;7;6;33089;27
1020;1;1;27185;22
1020;1;6;27135;22
1020;3;1;30850;25
1020;3;6;29357;25
1020;6;1;8217;7
1020;6;6;8290;7
1020;4;1;14257;12
1020;4;6;14754;12
1050;1;1;18401;15
1050;1;6;18329;15
1050;5;1;19758;17
1050;5;6;20309;17
1050;4;1;34293;28
1050;4;6;33014;28
1050;8;1;24004;20
1050;8;6;24446;20
1050;2;1;16932;14
1050;2;6;17271;14
1050;3;1;14904;13
1050;3;6;15635;13
1050;7;1;25635;21
1050;7;6;24931;21
1050;6;1;9153;8
1050;6;6;9990;8
1080;8;1;25744;21
1080;8;6;24928;21
1080;1;1;15699;13
1080;1;6;15704;13
1080;6;1;3689;3
1080;6;6;3898;3
1080;7;1;14529;13
1080;7;6;16405;13
1080;3;1;12187;10
1080;3;6;11948;10
1080;4;1;12085;10
1080;4;6;13323;10
1080;2;1;4655;4
1080;2;6;4613;4
1080;5;1;9901;8
1080;5;6;9394;8
1110;4;1;20963;17
1110;4;6;20413;17
1110;6;1;2439;2
1110;6;6;2384;2
1110;5;1;14834;12
1110;5;6;14975;12
1110;1;1;19351;16
1110;1;6;19134;16
1110;7;1;14863;12
1110;7;6;14021;12
1110;2;1;17807;15
1110;2;6;17378;15
1110;8;1;6891;6
1110;8;6;7262;6
1110;3;1;6158;5
1110;3;6;6020;5
1140;7;1;36523;31
1140;7;6;36700;31
1140;3;1;28496;23
1140;3;6;27041;23
1140;8;1;15064;12
1140;8;6;14545;12
1140;5;1;17343;15
1140;5;6;18489;15
1140;6;1;5092;4
1140;6;6;4546;4
1140;4;1;25618;21
1140;4;6;25834;21
1140;2;1;12789;11
1140;2;6;13673;11
1140;1;1;15001;12
1140;1;6;14109;12
1170;4;1;29605;25
1170;4;6;29038;25
1170;1;1;29607;24
1170;1;6;29396;24
1170;6;1;2514;2
1170;6;6;2345;2
1170;2;1;17450;14
1170;2;6;17329;14
1170;3;1;20321;17
1170;3;6;20693;17
1170;7;1;48124;39
1170;7;6;46388;39
1170;8;1;16908;14
1170;8;6;16344;14
1170;5;1;3909;3
1170;5;6;3693;3
1200;4;1;26127;21
1200;4;6;25715;21
1200;3;1;33093;27
1200;3;6;33311;27
1200;7;1;15780;13
1200;7;6;16148;13
1200;1;1;28984;24
1200;1;6;29332;24
1200;6;1;12494;10
1200;6;6;11580;10
1200;5;1;14824;12
1200;5;6;14521;12
1200;8;1;16779;14
1200;8;6;16574;14
1200;2;1;7926;6
1200;2;6;7676;6
1230;5;1;23080;19
1230;5;6;23125;19
1230;1;1;17304;14
1230;1;6;16345;14
1230;8;1;22728;18
1230;8;6;20954;18
1230;3;1;23844;20
1230;3;6;24118;20
1230;2;1;16213;13
1230;2;6;17018;13
1230;4;1;28086;24
1230;4;6;29138;24
1230;7;1;21798;18
1230;7;6;22301;18
1230;6;1;2560;2
1230;6;6;2431;2
1260;1;1;12010;10
1260;1;6;11309;10
1260;2;1;8156;7
1260;2;6;7764;7
1260;5;1;14868;12
1260;5;6;14795;12
1260;7;1;11969;9
1260;7;6;11155;9
1260;3;1;12063;10
1260;3;6;11955;10
1260;4;1;11282;9
1260;4;6;11210;9
1260;8;1;13036;11
1260;8;6;11664;11
1290;4;1;21766;17
1290;4;6;19999;17
1290;3;1;29023;24
1290;3;6;28742;24
1290;8;1;16810;14
1290;8;6;17625;14
1290;2;1;8402;7
1290;2;6;8355;7
1290;1;1;15804;13
1290;1;6;14886;13
1290;5;1;16545;14
1290;5;6;16833;14
1290;7;1;35440;29
1290;7;6;34182;29
1290;6;1;14142;11
1290;6;6;12772;11
1320;5;1;35120;30
1320;5;6;36932;30
1320;8;1;23916;20
1320;8;6;23969;20
1320;4;1;38757;32
1320;4;6;38114;32
1320;3;1;21520;18
1320;3;6;20345;18
1320;1;1;23264;19
1320;1;6;24246;19
1320;7;1;39428;32
1320;7;6;39493;32
1320;2;1;14491;12
1320;2;6;15154;12
1320;6;1;13655;11
1320;6;6;12584;11
1350;8;1;22645;20
1350;8;6;24466;20
1350;3;1;29232;24
1350;3;6;27963;24
1350;4;1;21818;17
1350;4;6;20630;17
1350;1;1;30636;27
1350;1;6;33767;27
1350;2;1;20978;18
1350;2;6;21397;18
1350;7;1;43195;35
1350;7;6;43062;35
1350;6;1;8122;6
1350;6;6;6706;6
1350;5;1;23844;19
1350;5;6;23370;19
1380;4;1;20742;17
1380;4;6;20202;17
1380;1;1;38797;31
1380;1;6;37162;31
1380;7;1;30475;24
1380;7;6;29356;24
1380;3;1;34632;28
1380;3;6;34330;28
1380;8;1;21636;17
1380;8;6;20769;17
1380;6;1;7416;6
1380;6;6;7052;6
1380;2;1;10270;9
1380;2;6;10636;9
1380;5;1;8602;7
1380;5;6;8555;7
1410;1;1;20471;16
1410;1;6;18945;16
1410;3;1;32654;28
1410;3;6;34246;28
1410;8;1;20218;16
1410;8;6;20579;16
1410;4;1;16084;13
1410;4;6;15279;13
1410;5;1;14551;12
1410;5;6;14248;12
1410;2;1;15258;13
1410;2;6;15937;13
1410;7;1;34797;29
1410;7;6;37102;29
1410;6;1;2500;2
1410;6;6;2668;2
1440;4;1;24290;20
1440;4;6;24371;20
1440;1;1;17071;14
1440;1;6;17310;14
1440;2;1;25280;21
1440;2;6;26288;21
1440;5;1;8555;7
1440;5;6;8245;7
1440;7;1;35216;31
1440;7;6;37919;31
1440;8;1;7950;7
1440;8;6;8206;7
1440;3;1;24571;21
1440;3;6;26294;21
1440;6;1;6978;6
1440;6;6;7309;6
1470;7;1;32740;27
1470;7;6;33673;27
1470;1;1;34534;29
1470;1;6;35236;29
1470;3;1;24712;20
1470;3;6;24073;20
1470;6;1;8843;8
1470;6;6;10242;8
1470;2;1;15151;12
1470;2;6;13837;12
1470;5;1;21660;18
1470;5;6;21276;18
1470;8;1;4943;4
1470;8;6;4826;4
1470;4;1;3106;3
1470;4;6;3745;3
1500;3;1;12723;10
1500;3;6;12471;10
1500;7;1;22851;18
1500;7;6;21987;18
1500;5;1;14997;13
1500;5;6;16195;13
1500;1;1;11390;9
1500;1;6;10759;9
1500;8;1;12273;10
1500;8;6;11588;10
1500;2;1;4194;4
1500;2;6;4639;4
1500;4;1;4754;4
1500;4;6;4833;4
1500;6;1;3984;3
1500;6;6;3535;3
1530;6;1;6498;5
1530;6;6;6063;5
1530;4;1;28554;24
1530;4;6;29604;24
1530;2;1;7659;6
1530;2;6;7277;6
1530;7;1;29567;24
1530;7;6;29521;24
1530;1;1;26246;21
1530;1;6;24936;21
1530;5;1;21620;17
1530;5;6;20798;17
1530;3;1;19453;16
1530;3;6;19867;16
1530;8;1;8089;6
1530;8;6;6882;6
1560;7;1;11559;9
1560;7;6;10321;9
1560;2;1;9418;8
1560;2;6;9275;8
1560;5;1;9111;8
1560;5;6;9285;8
1560;3;1;15727;13
1560;3;6;15430;13
1560;4;1;10244;8
1560;4;6;9358;8
1560;6;1;2717;2
1560;6;6;2405;2
1560;8;1;9375;8
1560;8;6;9720;8
1560;1;1;3146;3
1560;1;6;3353;3
1590;7;1;21696;18
1590;7;6;22846;18
1590;1;1;33077;27
1590;1;6;33620;27
1590;4;1;15784;13
1590;4;6;16731;13
1590;2;1;9836;8
1590;2;6;9660;8
1590;6;1;12556;10
1590;6;6;12359;10
1590;8;1;14409;11
1590;8;6;12755;11
1590;3;1;26779;23
1590;3;6;27679;23
1590;5;1;13030;10
1590;5;6;11609;10
1620;1;1;27405;23
1620;1;6;28496;23
1620;3;1;24675;20
1620;3;6;25475;20
1620;4;1;15565;13
1620;4;6;16302;13
1620;5;1;19837;17
1620;5;6;20025;17
1620;8;1;14338;12
1620;8;6;14275;12
1620;6;1;10651;9
1620;6;6;10274;9
1620;7;1;19157;16
1620;7;6;19371;16
1620;2;1;10193;9
1620;2;6;11042;9
1650;1;1;27105;22
1650;1;6;26693;22
1650;4;1;27289;22
1650;4;6;28043;22
1650;2;1;10098;9
1650;2;6;11076;9
1650;7;1;42836;35
1650;7;6;42073;35
1650;8;1;33072;27
1650;8;6;33004;27
1650;6;1;12166;10
1650;6;6;11028;10
1650;5;1;21673;17
1650;5;6;20506;17
1650;3;1;18892;16
1650;3;6;18842;16
1680;3;1;26465;22
1680;3;6;26733;22
1680;7;1;36380;31
1680;7;6;37826;31
1680;1;1;27999;23
1680;1;6;27934;23
1680;2;1;11884;10
1680;2;6;12674;10
1680;4;1;33774;28
1680;4;6;33176;28
1680;5;1;17487;14
1680;5;6;16594;14
1680;8;1;15905;13
1680;8;6;14659;13
1680;6;1;11493;10
1680;6;6;11410;10
1710;8;1;17441;15
1710;8;6;18455;15
1710;1;1;27558;22
1710;1;6;25821;22
1710;6;1;14891;12
1710;6;6;15128;12
1710;7;1;55206;46
1710;7;6;56832;46
1710;4;1;18177;15
1710;4;6;17514;15
1710;5;1;21744;18
1710;5;6;23041;18
1710;3;1;18856;16
1710;3;6;19481;16
1710;2;1;6008;5
1710;2;6;6232;5
1740;5;1;29698;25
1740;5;6;29616;25
1740;2;1;11364;9
1740;2;6;10702;9
1740;1;1;22084;18
1740;1;6;22398;18
1740;4;1;20260;17
1740;4;6;20711;17
1740;7;1;33567;28
1740;7;6;32900;28
1740;6;1;1992;2
1740;6;6;2156;2
1740;3;1;20815;17
1740;3;6;20826;17
1740;8;1;5684;4
1740;8;6;4915;4
1770;8;1;14884;12
1770;8;6;14421;12
1770;7;1;14620;12
1770;7;6;14438;12
1770;5;1;13887;11
1770;5;6;13772;11
1770;3;1;12076;10
1770;3;6;11900;10
1770;1;1;7210;6
1770;1;6;6982;6
1770;2;1;5230;4
1770;2;6;4534;4
1770;4;1;4862;4
1770;4;6;4929;4
1800;8;1;25482;22
1800;8;6;27638;22
1800;3;1;39915;33
1800;3;6;40468;33
1800;1;1;26768;22
1800;1;6;26047;22
1800;7;1;36754;30
1800;7;6;36740;30
1800;5;1;16780;14
1800;5;6;16827;14
1800;6;1;5386;5
1800;6;6;6347;5
1800;2;1;11387;9
1800;2;6;10225;9
1800;4;1;15567;12
1800;4;6;13884;12
0;7;1;10801;9
0;7;6;10383;9
0;2;1;6968;6
0;2;6;7360;6
0;3;1;7059;6
0;3;6;6833;6
0;5;1;4135;4
0;5;6;5408;4
0;4;1;7694;6
0;4;6;6708;6
0;1;1;8638;7
0;1;6;8289;7
0;8;1;3636;3
0;8;6;3593;3
0;6;1;1092;1
0;6;6;1247;1
30;3;1;6888;6
30;3;6;6483;6
30;2;1;2661;2
30;2;6;2492;2
30;4;1;13670;12
30;4;6;15242;12
30;8;1;6251;5
30;8;6;6974;5
30;6;1;4779;4
30;6;6;4891;4
30;7;1;6053;5
30;7;6;6201;5
30;1;1;11272;10
30;1;6;12268;10
30;5;1;4527;4
30;5;6;4973;4
60;4;1;8180;7
60;4;6;8891;7
60;7;1;13193;11
60;7;6;14283;11
60;3;1;17509;14
60;3;6;17529;14
60;5;1;3603;3
60;5;6;3627;3
60;2;1;5166;4
60;2;6;5033;4
60;1;1;9960;8
60;1;6;8884;8
60;8;1;3907;3
60;8;6;4016;3
60;6;1;2312;2
60;6;6;2304;2
90;7;1;18336;15
90;7;6;18009;15
90;3;1;11692;9
90;3;6;11172;9
90;8;1;3904;3
90;8;6;4110;3
90;2;1;8513;7
90;2;6;8114;7
90;4;1;8558;7
90;4;6;8297;7
90;1;1;9911;8
90;1;6;9527;8
90;6;1;3533;3
90;6;6;3405;3
90;5;1;2390;2
90;5;6;2142;2
120;8;1;12180;10
120;8;6;12409;10
120;3;1;10861;9
120;3;6;10706;9
120;7;1;13354;10
120;7;6;11427;10
120;4;1;17501;14
120;4;6;16757;14
120;2;1;2390;2
120;2;6;2082;2
120;1;1;9676;8
120;1;6;10322;8
120;5;1;2429;2
120;5;6;2668;2
120;6;1;949;1
120;6;6;1454;1
150;8;1;8897;7
150;8;6;8185;7
150;3;1;15736;12
150;3;6;14072;12
150;7;1;13137;10
150;7;6;12019;10
150;2;1;10682;9
150;2;6;11246;9
150;4;1;9416;7
150;4;6;8941;7
150;1;1;9696;8
150;1;6;10192;8
150;5;1;4078;4
150;5;6;5069;4
150;6;1;1399;1
150;6;6;1260;1
180;4;1;17019;14
180;4;6;17196;14
180;8;1;13900;11
180;8;6;12658;11
180;2;1;4755;4
180;2;6;4989;4
180;3;1;13163;11
180;3;6;12672;11
180;7;1;9852;8
180;7;6;9322;8
180;5;1;3680;3
180;5;6;3633;3
180;1;1;10139;8
180;1;6;9605;8
180;6;1;1086;1
180;6;6;1046;1
210;3;1;14948;13
210;3;6;15214;13
210;7;1;14774;13
210;7;6;16145;13
210;2;1;4622;4
210;2;6;4365;4
210;8;1;11656;10
210;8;6;11253;10
210;4;1;10523;9
210;4;6;10866;9
210;5;1;3953;3
210;5;6;4248;3
210;1;1;7828;7
210;1;6;8906;7
210;6;1;3882;3
210;6;6;3628;3
240;3;1;9215;8
240;3;6;10524;8
240;7;1;2452;2
240;7;6;2160;2
240;2;1;4347;4
240;2;6;5188;4
240;8;1;8361;7
240;8;6;8878;7
240;1;1;1190;1
240;1;6;1227;1
240;5;1;1283;1
240;5;6;1267;1
270;7;1;21374;18
270;7;6;21814;18
270;4;1;7747;6
270;4;6;7558;6
270;2;1;14950;12
270;2;6;14448;12
270;8;1;12911;11
270;8;6;12754;11
270;3;1;4759;4
270;3;6;4835;4
270;5;1;5851;5
270;5;6;6432;5
270;1;1;8156;7
270;1;6;8931;7
270;6;1;5498;4
270;6;6;4333;4
300;1;1;2710;2
300;1;6;2743;2
300;8;1;6257;5
300;8;6;5887;5
300;7;1;6122;5
300;7;6;5878;5
300;3;1;8657;7
300;3;6;8112;7
300;2;1;11341;9
300;2;6;11137;9
330;7;1;15570;13
330;7;6;15653;13
330;8;1;14153;11
330;8;6;12217;11
330;2;1;16915;14
330;2;6;16882;14
330;3;1;12766;11
330;3;6;12588;11
330;4;1;5770;5
330;4;6;5780;5
330;6;1;7467;6
330;6;6;6892;6
330;5;1;7091;6
330;5;6;7423;6
330;1;1;6889;6
330;1;6;7101;6
360;7;1;16867;13
360;7;6;15470;13
360;2;1;15731;13
360;2;6;16559;13
360;5;1;8825;8
360;5;6;9875;8
360;8;1;11136;9
360;8;6;10958;9
360;3;1;11156;10
360;3;6;12598;10
360;1;1;9101;8
360;1;6;9884;8
360;4;1;12904;10
360;4;6;12356;10
360;6;1;2353;2
360;6;6;2841;2
390;7;1;19349;16
390;7;6;20177;16
390;1;1;12469;11
390;1;6;13586;11
390;2;1;10433;8
390;2;6;9692;8
390;4;1;8378;7
390;4;6;8543;7
390;8;1;16351;14
390;8;6;17871;14
390;5;1;11005;9
390;5;6;10945;9
390;3;1;9134;8
390;3;6;9982;8
390;6;1;2570;2
390;6;6;2389;2
420;8;1;18742;16
420;8;6;20286;16
420;3;1;14697;12
420;3;6;14609;12
420;5;1;10275;8
420;5;6;9481;8
420;7;1;23230;20
420;7;6;24520;20
420;2;1;13155;11
420;2;6;13122;11
420;1;1;4775;4
420;1;6;5038;4
420;6;1;2665;2
420;6;6;2259;2
420;4;1;2261;2
420;4;6;2796;2
450;7;1;26248;22
450;7;6;26449;22
450;8;1;18082;15
450;8;6;17485;15
450;2;1;10685;9
450;2;6;10695;9
450;4;1;8604;7
450;4;6;8445;7
450;1;1;9550;8
450;1;6;10349;8
450;5;1;11282;9
450;5;6;10417;9
450;3;1;2232;2
450;3;6;2398;2
450;6;1;4828;4
450;6;6;5241;4
480;1;1;14293;12
480;1;6;13677;12
480;8;1;14971;12
480;8;6;14667;12
480;3;1;19663;16
480;3;6;19203;16
480;2;1;6823;6
480;2;6;7016;6
480;7;1;17207;14
480;7;6;17144;14
480;5;1;3746;3
480;5;6;3720;3
480;6;1;1250;1
480;6;6;966;1
480;4;1;14071;12
480;4;6;14287;12
510;3;1;9519;8
510;3;6;10127;8
510;5;1;10955;9
510;5;6;10364;9
510;4;1;12030;10
510;4;6;11936;10
510;1;1;14494;12
510;1;6;14440;12
510;2;1;10002;8
510;2;6;9357;8
510;8;1;10901;9
510;8;6;11074;9
510;7;1;18302;16
510;7;6;20104;16
510;6;1;6419;5
510;6;6;5724;5
540;8;1;11717;10
540;8;6;12201;10
540;3;1;12948;11
540;3;6;13155;11
540;1;1;11600;10
540;1;6;11983;10
540;7;1;18374;15
540;7;6;18218;15
540;2;1;12164;9
540;2;6;10029;9
540;4;1;14700;12
540;4;6;15246;12
540;5;1;7844;7
540;5;6;8397;7
540;6;1;2230;2
540;6;6;2410;2
570;1;1;11499;9
570;1;6;10823;9
570;7;1;20109;17
570;7;6;20225;17
570;8;1;13517;11
570;8;6;12746;11
570;2;1;8331;6
570;2;6;7530;6
570;3;1;20390;17
570;3;6;20352;17
570;4;1;7163;6
570;4;6;6817;6
570;5;1;9966;8
570;5;6;10118;8
570;6;1;4996;4
570;6;6;4552;4
600;7;1;22846;18
600;7;6;21602;18
600;5;1;10636;9
600;5;6;10767;9
600;6;1;4863;4
600;6;6;4961;4
600;8;1;11541;10
600;8;6;12220;10
600;3;1;16132;13
600;3;6;14862;13
600;1;1;12117;10
600;1;6;11654;10
600;2;1;6035;5
600;2;6;5246;5
600;4;1;9335;8
600;4;6;8828;8
630;3;1;17611;14
630;3;6;17269;14
630;6;1;3695;3
630;6;6;3766;3
630;5;1;12311;10
630;5;6;11837;10
630;8;1;9284;8
630;8;6;9351;8
630;1;1;14357;12
630;1;6;14788;12
630;2;1;7680;6
630;2;6;7485;6
630;7;1;20700;17
630;7;6;20445;17
630;4;1;10499;8
630;4;6;9892;8
660;7;1;25064;21
660;7;6;25530;21
660;3;1;20517;18
660;3;6;21966;18
660;8;1;9531;8
660;8;6;9631;8
660;4;1;9976;8
660;4;6;10061;8
660;1;1;9639;8
660;1;6;9628;8
660;5;1;9655;8
660;5;6;10368;8
660;6;1;2317;2
660;6;6;2363;2
660;2;1;5998;5
660;2;6;6193;5
690;7;1;27774;23
690;7;6;26958;23
690;2;1;6892;6
690;2;6;7998;6
690;4;1;10540;9
690;4;6;10648;9
690;8;1;13813;11
690;8;6;12829;11
690;3;1;12349;10
690;3;6;11940;10
690;1;1;12039;10
690;1;6;11778;10
690;5;1;9477;8
690;5;6;9651;8
720;3;1;11760;10
720;3;6;12078;10
720;4;1;15779;13
720;4;6;16140;13
720;7;1;14771;13
720;7;6;15720;13
720;1;1;18112;14
720;1;6;16361;14
720;8;1;6249;5
720;8;6;5555;5
720;2;1;9706;8
720;2;6;9337;8
720;5;1;11832;10
720;5;6;11866;10
720;6;1;5532;5
720;6;6;5872;5
750;8;1;5936;5
750;8;6;5752;5
750;2;1;14241;11
750;2;6;13282;11
750;3;1;17758;14
750;3;6;15736;14
750;7;1;21917;18
750;7;6;21906;18
750;5;1;12426;10
750;5;6;11743;10
750;1;1;11374;9
750;1;6;10842;9
750;6;1;3456;3
750;6;6;3497;3
750;4;1;11596;9
750;4;6;11089;9
780;8;1;8795;7
780;8;6;8349;7
780;7;1;16621;14
780;7;6;16564;14
780;3;1;20624;17
780;3;6;20121;17
780;4;1;13151;11
780;4;6;12581;11
780;5;1;8033;6
780;5;6;7375;6
780;1;1;11677;10
780;1;6;11510;10
780;2;1;8069;7
780;2;6;8591;7
780;6;1;6772;6
780;6;6;7067;6
810;7;1;8653;7
810;7;6;8454;7
810;5;1;5919;5
810;5;6;6047;5
810;3;1;10781;9
810;3;6;10803;9
810;4;1;3112;3
810;4;6;3204;3
810;1;1;10393;9
810;1;6;10282;9
810;6;1;1337;1
810;6;6;1312;1
810;8;1;2287;2
810;8;6;2515;2
840;1;1;11657;10
840;1;6;12316;10
840;4;1;10185;9
840;4;6;11176;9
840;3;1;16915;15
840;3;6;17715;15
840;7;1;21142;17
840;7;6;20612;17
840;8;1;12417;10
840;8;6;12625;10
840;2;1;4290;4
840;2;6;4660;4
840;5;1;10607;9
840;5;6;10999;9
840;6;1;6564;5
840;6;6;5968;5
870;1;1;20589;17
870;1;6;20263;17
870;5;1;13952;12
870;5;6;14687;12
870;7;1;19196;16
870;7;6;19891;16
870;8;1;5805;5
870;8;6;5675;5
870;4;1;13390;11
870;4;6;13122;11
870;3;1;11229;9
870;3;6;11644;9
870;2;1;6166;5
870;2;6;6171;5
870;6;1;2996;3
870;6;6;3942;3
900;7;1;24842;20
900;7;6;22791;20
900;2;1;12299;10
900;2;6;11720;10
900;3;1;15070;12
900;3;6;14754;12
900;5;1;10648;9
900;5;6;10007;9
900;4;1;7608;6
900;4;6;6582;6
900;1;1;14528;12
900;1;6;14137;12
900;8;1;6208;5
900;8;6;5493;5
900;6;1;6034;5
900;6;6;6304;5
930;3;1;4395;4
930;3;6;5264;4
930;7;1;4899;4
930;7;6;4851;4
930;4;1;8859;7
930;4;6;7917;7
930;5;1;9584;8
930;5;6;9654;8
930;1;1;7478;7
930;1;6;9401;7
930;8;1;5665;5
930;8;6;5887;5
930;2;1;1072;1
930;2;6;1452;1
930;6;1;1311;1
930;6;6;1103;1
960;5;1;6356;5
960;5;6;5780;5
960;3;1;14045;12
960;3;6;15010;12
960;8;1;16144;13
960;8;6;15430;13
960;1;1;16531;14
960;1;6;16628;14
960;2;1;4660;4
960;2;6;4290;4
960;7;1;17930;15
960;7;6;18313;15
960;4;1;15008;12
960;4;6;14144;12
960;6;1;5089;4
960;6;6;4926;4
990;1;1;16734;13
990;1;6;15394;13
990;8;1;7271;6
990;8;6;6908;6
990;6;1;6056;5
990;6;6;6059;5
990;3;1;20437;16
990;3;6;18716;16
990;7;1;22051;18
990;7;6;20785;18
990;5;1;7987;7
990;5;6;8441;7
990;4;1;10591;9
990;4;6;10483;9
990;2;1;5520;5
990;2;6;5610;5
1020;7;1;17124;14
1020;7;6;17224;14
1020;4;1;8355;7
1020;4;6;8346;7
1020;8;1;13013;10
1020;8;6;12311;10
1020;1;1;16303;13
1020;1;6;14964;13
1020;2;1;12621;10
1020;2;6;12127;10
1020;3;1;12968;11
1020;3;6;14012;11
1020;5;1;9797;8
1020;5;6;8764;8
1020;6;1;6403;5
1020;6;6;5769;5
1050;3;1;7997;7
1050;3;6;7957;7
1050;8;1;13643;12
1050;8;6;15329;12
1050;7;1;18474;15
1050;7;6;17981;15
1050;2;1;8373;7
1050;2;6;8465;7
1050;4;1;17384;14
1050;4;6;16953;14
1050;1;1;12504;10
1050;1;6;12435;10
1050;5;1;11677;10
1050;5;6;12171;10
1050;6;1;4925;4
1050;6;6;4851;4
1080;7;1;7396;6
1080;7;6;7174;6
1080;2;1;3423;3
1080;2;6;3705;3
1080;1;1;7021;6
1080;1;6;7306;6
1080;8;1;9263;8
1080;8;6;8830;8
1080;4;1;6288;5
1080;4;6;6065;5
1080;3;1;4596;4
1080;3;6;4221;4
1080;5;1;4700;4
1080;5;6;4497;4
1080;6;1;1469;1
1080;6;6;1180;1
1110;7;1;6663;5
1110;7;6;5555;5
1110;2;1;6297;5
1110;2;6;5633;5
1110;5;1;7632;7
1110;5;6;8379;7
1110;1;1;8233;7
1110;1;6;8646;7
1110;4;1;8261;7
1110;4;6;7818;7
1110;8;1;1990;2
1110;8;6;2402;2
1110;3;1;3214;3
1110;3;6;3780;3
1110;6;1;1107;1
1110;6;6;1349;1
1140;3;1;17463;14
1140;3;6;17501;14
1140;4;1;15244;12
1140;4;6;15433;12
1140;8;1;8241;7
1140;8;6;8444;7
1140;7;1;22635;19
1140;7;6;23225;19
1140;5;1;11511;9
1140;5;6;10799;9
1140;1;1;10928;9
1140;1;6;11149;9
1140;2;1;6533;6
1140;2;6;7438;6
1140;6;1;3995;3
1140;6;6;3829;3
1170;8;1;9891;8
1170;8;6;9132;8
1170;4;1;13721;11
1170;4;6;13658;11
1170;3;1;11703;10
1170;3;6;12136;10
1170;1;1;16893;15
1170;1;6;18009;15
1170;2;1;10591;8
1170;2;6;9751;8
1170;7;1;29012;24
1170;7;6;29263;24
1170;6;1;1474;1
1170;6;6;1122;1
1170;5;1;3564;3
1170;5;6;3839;3
1200;3;1;15652;13
1200;3;6;15087;13
1200;2;1;5464;5
1200;2;6;6546;5
1200;6;1;8281;7
1200;6;6;7868;7
1200;8;1;10844;9
1200;8;6;10153;9
1200;4;1;16154;13
1200;4;6;15707;13
1200;7;1;8977;8
1200;7;6;9640;8
1200;5;1;7884;7
1200;5;6;7529;7
1200;1;1;19650;17
1200;1;6;20740;17
1230;5;1;13215;12
1230;5;6;14907;12
1230;8;1;12331;10
1230;8;6;12259;10
1230;4;1;16929;14
1230;4;6;17110;14
1230;3;1;14903;12
1230;3;6;14399;12
1230;1;1;9955;9
1230;1;6;10139;9
1230;2;1;9959;8
1230;2;6;9081;8
1230;7;1;16192;13
1230;7;6;15274;13
1230;6;1;1276;1
1230;6;6;1195;1
1260;7;1;6048;5
1260;7;6;5956;5
1260;2;1;5162;4
1260;2;6;4983;4
1260;5;1;5642;5
1260;5;6;5642;5
1260;1;1;4543;4
1260;1;6;4940;4
1260;8;1;9291;8
1260;8;6;8916;8
1260;3;1;6143;5
1260;3;6;6417;5
1260;4;1;6759;6
1260;4;6;7108;6
1290;3;1;15660;13
1290;3;6;16126;13
1290;4;1;15198;12
1290;4;6;14090;12
1290;8;1;7649;6
1290;8;6;6786;6
1290;2;1;5218;4
1290;2;6;4585;4
1290;7;1;23340;19
1290;7;6;23058;19
1290;5;1;11732;9
1290;5;6;10693;9
1290;1;1;9908;8
1290;1;6;8774;8
1290;6;1;10237;8
1290;6;6;10437;8
1320;8;1;11786;10
1320;8;6;11250;10
1320;5;1;14310;12
1320;5;6;15298;12
1320;1;1;10394;8
1320;1;6;9389;8
1320;4;1;20477;17
1320;4;6;20149;17
1320;3;1;9835;8
1320;3;6;9868;8
1320;7;1;19114;15
1320;7;6;18229;15
1320;2;1;6142;5
1320;2;6;6294;5
1320;6;1;4561;4
1320;6;6;5251;4
1350;3;1;15811;13
1350;3;6;16059;13
1350;5;1;12719;10
1350;5;6;12777;10
1350;4;1;10069;8
1350;4;6;9512;8
1350;8;1;9282;8
1350;8;6;9990;8
1350;7;1;21678;17
1350;7;6;21062;17
1350;1;1;14235;12
1350;1;6;14973;12
1350;2;1;11151;9
1350;2;6;10985;9
1350;6;1;3508;3
1350;6;6;3262;3
1380;8;1;12130;10
1380;8;6;11944;10
1380;7;1;17535;14
1380;7;6;16290;14
1380;3;1;17992;15
1380;3;6;18586;15
1380;4;1;11752;10
1380;4;6;12877;10
1380;2;1;6595;5
1380;2;6;5983;5
1380;1;1;18317;15
1380;1;6;18335;15
1380;5;1;6348;6
1380;5;6;7585;6
1380;6;1;4293;4
1380;6;6;4837;4
1410;7;1;23742;19
1410;7;6;23966;19
1410;8;1;9599;8
1410;8;6;10168;8
1410;4;1;11970;10
1410;4;6;11749;10
1410;2;1;9877;8
1410;2;6;9597;8
1410;3;1;19731;16
1410;3;6;17898;16
1410;1;1;10737;9
1410;1;6;10955;9
1410;5;1;8515;7
1410;5;6;8303;7
1410;6;1;2664;2
1410;6;6;2215;2
1440;3;1;18339;14
1440;3;6;16673;14
1440;7;1;21601;19
1440;7;6;23271;19
1440;2;1;14457;12
1440;2;6;13862;12
1440;1;1;10321;8
1440;1;6;9798;8
1440;6;1;3391;3
1440;6;6;3709;3
1440;8;1;7452;6
1440;8;6;7249;6
1440;4;1;16608;13
1440;4;6;15668;13
1440;5;1;5955;5
1440;5;6;5212;5
1470;3;1;17060;14
1470;3;6;16958;14
1470;1;1;23750;19
1470;1;6;22745;19
1470;4;1;2369;2
1470;4;6;2128;2
1470;2;1;10384;8
1470;2;6;9633;8
1470;5;1;12091;10
1470;5;6;11357;10
1470;7;1;22399;18
1470;7;6;22065;18
1470;6;1;5630;5
1470;6;6;5242;5
1470;8;1;3327;3
1470;8;6;3764;3
1500;7;1;11521;9
1500;7;6;10936;9
1500;3;1;5950;5
1500;3;6;6346;5
1500;5;1;6899;6
1500;5;6;7228;6
1500;4;1;3455;3
1500;4;6;3187;3
1500;8;1;6321;5
1500;8;6;5792;5
1500;1;1;5260;5
1500;1;6;5586;5
1500;6;1;2533;2
1500;6;6;1965;2
1500;2;1;2784;2
1500;2;6;2162;2
1530;7;1;23697;19
1530;7;6;22269;19
1530;2;1;3687;3
1530;2;6;3869;3
1530;4;1;17788;15
1530;4;6;18148;15
1530;5;1;13183;11
1530;5;6;12660;11
1530;8;1;4607;4
1530;8;6;4197;4
1530;1;1;15313;13
1530;1;6;15858;13
1530;6;1;3652;3
1530;6;6;3742;3
1530;3;1;14852;12
1530;3;6;14228;12
1560;7;1;7310;6
1560;7;6;7965;6
1560;4;1;7222;6
1560;4;6;8113;6
1560;3;1;9782;8
1560;3;6;9194;8
1560;2;1;6278;5
1560;2;6;6805;5
1560;8;1;5877;5
1560;8;6;6156;5
1560;5;1;4861;4
1560;5;6;4522;4
1560;6;1;1376;1
1560;6;6;1440;1
1560;1;1;2595;2
1560;1;6;2157;2
1590;6;1;7089;6
1590;6;6;7276;6
1590;5;1;9008;7
1590;5;6;8585;7
1590;7;1;15026;12
1590;7;6;15191;12
1590;1;1;21587;18
1590;1;6;22062;18
1590;4;1;11451;9
1590;4;6;10693;9
1590;3;1;17793;15
1590;3;6;18394;15
1590;8;1;8678;7
1590;8;6;8575;7
1590;2;1;7257;6
1590;2;6;7288;6
1620;1;1;17951;15
1620;1;6;17773;15
1620;7;1;14258;12
1620;7;6;15016;12
1620;4;1;10614;9
1620;4;6;10989;9
1620;3;1;14910;12
1620;3;6;14997;12
1620;8;1;10477;8
1620;8;6;9692;8
1620;5;1;12077;10
1620;5;6;11822;10
1620;2;1;9219;7
1620;2;6;8762;7
1620;6;1;6790;6
1620;6;6;8077;6
1650;3;1;10628;9
1650;3;6;10500;9
1650;4;1;14931;12
1650;4;6;13552;12
1650;7;1;21230;18
1650;7;6;21868;18
1650;6;1;6520;5
1650;6;6;6949;5
1650;8;1;15427;13
1650;8;6;15025;13
1650;2;1;6636;5
1650;2;6;5845;5
1650;1;1;12776;10
1650;1;6;12216;10
1650;5;1;9646;8
1650;5;6;9750;8
1680;1;1;14784;12
1680;1;6;14131;12
1680;3;1;12798;11
1680;3;6;13366;11
1680;7;1;20114;17
1680;7;6;20044;17
1680;4;1;16933;15
1680;4;6;18051;15
1680;8;1;9236;7
1680;8;6;9010;7
1680;5;1;8398;7
1680;5;6;8847;7
1680;2;1;6034;5
1680;2;6;6160;5
1680;6;1;6274;5
1680;6;6;6256;5
1710;3;1;12579;10
1710;3;6;12905;10
1710;5;1;9794;9
1710;5;6;10744;9
1710;4;1;9477;8
1710;4;6;10056;8
1710;1;1;16377;13
1710;1;6;16048;13
1710;8;1;9779;8
1710;8;6;10093;8
1710;7;1;28171;23
1710;7;6;27328;23
1710;6;1;6915;6
1710;6;6;8102;6
1710;2;1;3751;3
1710;2;6;3386;3
1740;3;1;16151;13
1740;3;6;15616;13
1740;1;1;14860;12
1740;1;6;14527;12
1740;4;1;15484;12
1740;4;6;14172;12
1740;8;1;2603;2
1740;8;6;1937;2
1740;6;1;1047;1
1740;6;6;1091;1
1740;5;1;17256;15
1740;5;6;17927;15
1740;2;1;7251;6
1740;2;6;8049;6
1740;7;1;22634;19
1740;7;6;23045;19
1770;8;1;8611;7
1770;8;6;8993;7
1770;5;1;8566;7
1770;5;6;8758;7
1770;3;1;9091;7
1770;3;6;9086;7
1770;2;1;2237;2
1770;2;6;2311;2
1770;7;1;9697;8
1770;7;6;9639;8
1770;1;1;4823;4
1770;1;6;5313;4
1770;4;1;2700;2
1770;4;6;2595;2
1800;7;1;18575;16
1800;7;6;19695;16
1800;5;1;8581;7
1800;5;6;7970;7
1800;8;1;14594;12
1800;8;6;13588;12
1800;1;1;15346;13
1800;1;6;15385;13
1800;3;1;21433;18
1800;3;6;20695;18
1800;2;1;5868;5
1800;2;6;6120;5
1800;6;1;3245;3
1800;6;6;3973;3
1800;4;1;7361;6
1800;4;6;7160;6
0;1;1;785640;651
0;1;6;782933;651
0;3;1;669802;558
0;3;6;682144;558
0;8;1;370753;304
0;8;6;365324;304
0;2;1;432227;356
0;2;6;430528;356
0;7;1;1265553;1034
0;7;6;1248332;1034
0;5;1;459325;378
0;5;6;460248;378
0;4;1;822196;680
0;4;6;825867;680
0;6;1;302224;250
0;6;6;304822;250
30;3;1;980426;800
30;3;6;976060;800
30;4;1;1020233;849
30;4;6;1032935;849
30;7;1;1338412;1112
30;7;6;1346030;1112
30;2;1;475495;394
30;2;6;476477;394
30;8;1;497189;415
30;8;6;500729;415
30;1;1;790580;648
30;1;6;784713;648
30;5;1;455252;378
30;5;6;461653;378
30;6;1;310340;255
30;6;6;306101;255
60;8;1;596465;494
60;8;6;599009;494
60;3;1;1160446;957
60;3;6;1171482;957
60;7;1;1422008;1179
60;7;6;1419479;1179
60;2;1;500119;412
60;2;6;499675;412
60;4;1;1045516;856
60;4;6;1031335;856
60;1;1;784138;650
60;1;6;783025;650
60;5;1;457257;378
60;5;6;458385;378
60;6;1;303842;252
60;6;6;303530;252
90;8;1;667591;545
90;8;6;658511;545
90;3;1;1277369;1053
90;3;6;1271048;1053
90;7;1;1466251;1216
90;7;6;1474741;1216
90;2;1;543087;448
90;2;6;543721;448
90;4;1;1020467;835
90;4;6;1018659;835
90;1;1;795706;651
90;1;6;787634;651
90;5;1;460141;378
90;5;6;452892;378
90;6;1;303552;252
90;6;6;300292;252
120;8;1;710885;588
120;8;6;712311;588
120;3;1;1345914;1117
120;3;6;1356946;1117
120;7;1;1546419;1276
120;7;6;1549265;1276
120;2;1;556239;466
120;2;6;566239;466
120;4;1;1022638;842
120;4;6;1014524;842
120;1;1;797048;658
120;1;6;791399;658
120;5;1;480456;392
120;5;6;477471;392
120;6;1;301224;252
120;6;6;298156;252
150;8;1;809898;672
150;8;6;816983;672
150;3;1;1433522;1177
150;3;6;1422928;1177
150;7;1;1593921;1314
150;7;6;1593690;1314
150;2;1;601946;502
150;2;6;608058;502
150;4;1;998605;823
150;4;6;992996;823
150;1;1;793459;657
150;1;6;798951;657
150;5;1;491731;403
150;5;6;490571;403
150;6;1;309290;254
150;6;6;307898;254
180;8;1;882506;726
180;8;6;885228;726
180;3;1;1472390;1214
180;3;6;1464304;1214
180;7;1;1631982;1348
180;7;6;1630639;1348
180;2;1;697493;578
180;2;6;699875;578
180;1;1;806858;663
180;1;6;810703;663
180;4;1;963920;803
180;4;6;974179;803
180;5;1;492003;406
180;5;6;488709;406
180;6;1;312974;260
180;6;6;310324;260
210;8;1;1000836;828
210;8;6;996916;828
210;2;1;902657;747
210;2;6;904044;747
210;3;1;1365927;1129
210;3;6;1378746;1129
210;7;1;1670276;1380
210;7;6;1659594;1380
210;1;1;823542;679
210;1;6;821771;679
210;5;1;509847;425
210;5;6;520126;425
210;4;1;961931;792
210;4;6;955716;792
210;6;1;314349;259
210;6;6;313080;259
240;8;1;755039;618
240;8;6;746769;618
240;7;1;477908;389
240;7;6;469272;389
240;3;1;622406;514
240;3;6;626476;514
240;2;1;593513;492
240;2;6;599831;492
240;1;1;53187;44
240;1;6;52941;44
240;5;1;103817;85
240;5;6;97173;85
240;4;1;150611;123
240;4;6;146341;123
240;6;1;11705;10
240;6;6;12056;10
270;8;1;1210109;1001
270;8;6;1210109;1001
270;2;1;1127019;932
270;2;6;1126072;932
270;7;1;1824265;1504
270;7;6;1829394;1504
270;3;1;1260032;1046
270;3;6;1262117;1046
270;1;1;866676;718
270;1;6;864056;718
270;5;1;595777;493
270;5;6;596002;493
270;4;1;987321;809
270;4;6;989750;809
270;6;1;313086;260
270;6;6;317650;260
300;7;1;640278;528
300;7;6;640244;528
300;2;1;783938;650
300;2;6;795376;650
300;3;1;576364;475
300;3;6;572993;475
300;8;1;912960;752
300;8;6;905841;752
300;1;1;117445;95
300;1;6;115864;95
300;5;1;191942;160
300;5;6;194610;160
300;4;1;155352;129
300;4;6;158119;129
300;6;1;16741;14
300;6;6;17056;14
330;7;1;1967625;1629
330;7;6;1971391;1629
330;1;1;946310;784
330;1;6;949263;784
330;3;1;1219635;1006
330;3;6;1210974;1006
330;2;1;1220793;1012
330;2;6;1226756;1012
330;8;1;1351971;1109
330;8;6;1339946;1109
330;4;1;1001337;828
330;4;6;999178;828
330;5;1;703491;582
330;5;6;703443;582
330;6;1;331219;275
330;6;6;327817;275
360;7;1;2011668;1662
360;7;6;2002599;1662
360;1;1;1015425;839
360;1;6;1017241;839
360;8;1;1374309;1134
360;8;6;1367509;1134
360;3;1;1193943;992
360;3;6;1199559;992
360;2;1;1204179;996
360;2;6;1195269;996
360;4;1;1036901;853
360;4;6;1030455;853
360;5;1;734853;607
360;5;6;742048;607
360;6;1;339996;279
360;6;6;338302;279
390;7;1;1995033;1649
390;7;6;1989362;1649
390;1;1;1104185;913
390;1;6;1102412;913
390;8;1;1381567;1139
390;8;6;1379595;1139
390;3;1;1208454;998
390;3;6;1199373;998
390;2;1;1143868;949
390;2;6;1150114;949
390;4;1;1066358;880
390;4;6;1066634;880
390;5;1;775518;639
390;5;6;779127;639
390;6;1;338170;282
390;6;6;343258;282
420;7;1;1973783;1624
420;7;6;1968684;1624
420;1;1;1149029;953
420;1;6;1151243;953
420;8;1;1427320;1176
420;8;6;1425242;1176
420;3;1;1245772;1026
420;3;6;1246064;1026
420;2;1;1102836;910
420;2;6;1098379;910
420;4;1;1083351;899
420;4;6;1087849;899
420;5;1;793530;658
420;5;6;794265;658
420;6;1;342964;282
420;6;6;344011;282
450;7;1;1979996;1644
450;7;6;1997638;1644
450;1;1;1197099;991
450;1;6;1204891;991
450;8;1;1350913;1116
450;8;6;1351563;1116
450;3;1;1277407;1051
450;3;6;1277110;1051
450;2;1;1075480;893
450;2;6;1080400;893
450;4;1;1115278;919
450;4;6;1116855;919
450;5;1;820997;674
450;5;6;812605;674
450;6;1;348978;287
450;6;6;346600;287
480;7;1;1998513;1658
480;7;6;2015969;1658
480;1;1;1258346;1038
480;1;6;1255731;1038
480;8;1;1273406;1051
480;8;6;1285960;1051
480;3;1;1316279;1081
480;3;6;1319547;1081
480;2;1;1049089;867
480;2;6;1047021;867
480;4;1;1121588;933
480;4;6;1127742;933
480;5;1;841220;693
480;5;6;836713;693
480;6;1;360603;298
480;6;6;357650;298
510;7;1;2010820;1665
510;7;6;2019319;1665
510;1;1;1321371;1094
510;1;6;1330036;1094
510;8;1;1221743;1010
510;8;6;1222059;1010
510;3;1;1340146;1108
510;3;6;1339772;1108
510;2;1;986206;811
510;2;6;985487;811
510;5;1;855628;707
510;5;6;853778;707
510;4;1;1155105;953
510;4;6;1154482;953
510;6;1;366657;303
510;6;6;364950;303
540;7;1;2020513;1670
540;7;6;2020389;1670
540;1;1;1360205;1121
540;1;6;1352227;1121
540;8;1;1152190;957
540;8;6;1162591;957
540;3;1;1378188;1145
540;3;6;1388695;1145
540;2;1;924972;766
540;2;6;929970;766
540;5;1;908798;745
540;5;6;907961;745
540;4;1;1173455;966
540;4;6;1177755;966
540;6;1;372989;308
540;6;6;374503;308
570;7;1;2016244;1668
570;7;6;2030301;1668
570;1;1;1383605;1153
570;1;6;1395594;1153
570;8;1;1095653;905
570;8;6;1108943;905
570;3;1;1423551;1180
570;3;6;1428173;1180
570;2;1;888352;732
570;2;6;886900;732
570;6;1;392154;322
570;6;6;389691;322
570;5;1;935369;773
570;5;6;931592;773
570;4;1;1189518;984
570;4;6;1182882;984
600;7;1;2019087;1668
600;7;6;2030645;1668
600;1;1;1415014;1174
600;1;6;1413358;1174
600;8;1;1054822;870
600;8;6;1056566;870
600;3;1;1462755;1209
600;3;6;1460767;1209
600;6;1;411377;339
600;6;6;409769;339
600;2;1;838984;692
600;2;6;838897;692
600;5;1;954850;782
600;5;6;947417;782
600;4;1;1227638;1011
600;4;6;1225574;1011
630;7;1;2038623;1673
630;7;6;2016008;1673
630;1;1;1453624;1198
630;1;6;1458671;1198
630;8;1;1014645;831
630;8;6;1004738;831
630;3;1;1505316;1242
630;3;6;1509862;1242
630;6;1;417980;341
630;6;6;420717;341
630;2;1;793133;655
630;2;6;793101;655
630;5;1;974926;801
630;5;6;976471;801
630;4;1;1235077;1023
630;4;6;1240077;1023
660;8;1;986911;813
660;8;6;978390;813
660;7;1;1991701;1656
660;7;6;2002493;1656
660;1;1;1470636;1216
660;1;6;1483011;1216
660;3;1;1536694;1264
660;3;6;1529792;1264
660;6;1;426308;352
660;6;6;431220;352
660;5;1;985668;812
660;5;6;986027;812
660;4;1;1244550;1033
660;4;6;1256053;1033
660;2;1;764478;633
660;2;6;768527;633
690;8;1;979376;803
690;8;6;977081;803
690;7;1;1984363;1653
690;7;6;2000999;1653
690;1;1;1488887;1221
690;1;6;1485929;1221
690;3;1;1545958;1273
690;3;6;1543486;1273
690;6;1;423510;354
690;6;6;421719;354
690;5;1;998317;820
690;5;6;992060;820
690;4;1;1265293;1046
690;4;6;1261332;1046
690;2;1;749122;620
690;2;6;750478;620
720;8;1;967199;801
720;8;6;967738;801
720;7;1;1998712;1648
720;7;6;1989825;1648
720;1;1;1488184;1228
720;1;6;1478032;1228
720;3;1;1551238;1280
720;3;6;1553378;1280
720;6;1;430171;358
720;6;6;435441;358
720;5;1;1003831;821
720;5;6;992169;821
720;4;1;1278764;1057
720;4;6;1279826;1057
720;2;1;740624;614
720;2;6;739540;614
750;8;1;960211;794
750;8;6;954066;794
750;7;1;1989530;1647
750;7;6;2005735;1647
750;1;1;1497616;1234
750;1;6;1502372;1234
750;3;1;1561518;1287
750;3;6;1563579;1287
750;6;1;438227;360
750;6;6;435444;360
750;5;1;993016;821
750;5;6;996122;821
750;4;1;1291605;1070
750;4;6;1302173;1070
750;2;1;733784;608
750;2;6;735156;608
780;8;1;959999;788
780;8;6;952890;788
780;7;1;2003890;1644
780;7;6;1998607;1644
780;1;1;1500956;1237
780;1;6;1506983;1237
780;3;1;1556980;1288
780;3;6;1562011;1288
780;6;1;443632;363
780;6;6;439812;363
780;5;1;1000593;825
780;5;6;1001289;825
780;4;1;1307088;1079
780;4;6;1304519;1079
780;2;1;739729;609
780;2;6;737239;609
810;8;1;591632;483
810;8;6;586511;483
810;7;1;743854;608
810;7;6;737408;608
810;1;1;715309;589
810;1;6;720625;589
810;3;1;878636;725
810;3;6;882012;725
810;6;1;141058;117
810;6;6;141175;117
810;5;1;538386;445
810;5;6;536706;445
810;4;1;499996;409
810;4;6;496284;409
810;2;1;300944;251
810;2;6;305453;251
840;8;1;957439;786
840;8;6;955136;786
840;7;1;1977320;1631
840;7;6;1973408;1631
840;1;1;1504405;1242
840;1;6;1509417;1242
840;3;1;1552256;1287
840;3;6;1564368;1287
840;6;1;449215;373
840;6;6;444992;373
840;5;1;1001566;828
840;5;6;1008377;828
840;4;1;1327645;1099
840;4;6;1324470;1099
840;2;1;738794;604
840;2;6;732018;604
870;8;1;953999;785
870;8;6;952564;785
870;7;1;1988741;1635
870;7;6;1980361;1635
870;1;1;1503305;1242
870;1;6;1494138;1242
870;3;1;1564926;1288
870;3;6;1573082;1288
870;6;1;452171;370
870;6;6;447379;370
870;5;1;998346;829
870;5;6;997544;829
870;4;1;1344103;1103
870;4;6;1328119;1103
870;2;1;730153;605
870;2;6;735776;605
900;8;1;949441;783
900;8;6;952694;783
900;7;1;1981539;1633
900;7;6;1975150;1633
900;1;1;1510375;1245
900;1;6;1518502;1245
900;3;1;1564826;1294
900;3;6;1565731;1294
900;6;1;450137;373
900;6;6;455709;373
900;5;1;1008884;828
900;5;6;1000865;828
900;4;1;1348728;1110
900;4;6;1341032;1110
900;2;1;728842;601
900;2;6;728756;601
930;8;1;573610;477
930;8;6;577981;477
930;7;1;731034;603
930;7;6;732774;603
930;1;1;723745;595
930;1;6;722930;595
930;3;1;893247;734
930;3;6;894709;734
930;6;1;143225;118
930;6;6;141541;118
930;5;1;548625;453
930;5;6;549445;453
930;4;1;524797;434
930;4;6;525986;434
930;2;1;300925;249
930;2;6;304537;249
960;8;1;938140;782
960;8;6;947323;782
960;7;1;1983331;1632
960;7;6;1979804;1632
960;1;1;1522166;1250
960;1;6;1522527;1250
960;3;1;1572619;1300
960;3;6;1566367;1300
960;6;1;448661;370
960;6;6;447221;370
960;5;1;1001814;831
960;5;6;1004523;831
960;4;1;1353766;1115
960;4;6;1351939;1115
960;2;1;727895;600
960;2;6;717784;600
990;8;1;946935;780
990;8;6;940644;780
990;7;1;1964910;1630
990;7;6;1963511;1630
990;1;1;1512664;1247
990;1;6;1504233;1247
990;3;1;1573368;1297
990;3;6;1580646;1297
990;6;1;452861;373
990;6;6;446957;373
990;5;1;1012024;831
990;5;6;1007745;831
990;4;1;1349213;1120
990;4;6;1365203;1120
990;2;1;735205;606
990;2;6;740306;606
1020;8;1;960598;787
1020;8;6;951079;787
1020;7;1;1971953;1624
1020;7;6;1974942;1624
1020;1;1;1502660;1247
1020;1;6;1507918;1247
1020;3;1;1570158;1298
1020;3;6;1584362;1298
1020;6;1;453939;373
1020;6;6;450521;373
1020;5;1;1005160;832
1020;5;6;1010695;832
1020;4;1;1361220;1124
1020;4;6;1365700;1124
1020;2;1;724425;605
1020;2;6;728888;605
1050;8;1;939532;779
1050;8;6;942442;779
1050;7;1;1986002;1638
1050;7;6;1995411;1638
1050;1;1;1507898;1249
1050;1;6;1512170;1249
1050;3;1;1587456;1303
1050;3;6;1581837;1303
1050;6;1;439976;367
1050;6;6;443827;367
1050;5;1;1012579;832
1050;5;6;1006446;832
1050;4;1;1352573;1125
1050;4;6;1360610;1125
1050;2;1;724740;601
1050;2;6;729298;601
1080;8;1;578318;478
1080;8;6;578474;478
1080;7;1;731601;599
1080;7;6;729424;599
1080;1;1;721566;599
1080;1;6;725822;599
1080;3;1;900242;741
1080;3;6;898567;741
1080;6;1;143903;118
1080;6;6;142351;118
1080;5;1;554536;454
1080;5;6;552581;454
1080;4;1;544381;448
1080;4;6;543930;448
1080;2;1;302137;250
1080;2;6;300128;250
1110;8;1;574480;479
1110;8;6;581967;479
1110;7;1;723798;600
1110;7;6;718950;600
1110;1;1;728508;599
1110;1;6;724744;599
1110;3;1;902987;743
1110;3;6;897237;743
1110;6;1;146722;118
1110;6;6;141523;118
1110;5;1;548432;454
1110;5;6;546842;454
1110;4;1;540831;450
1110;4;6;536994;450
1110;2;1;297263;250
1110;2;6;302839;250
1140;8;1;944728;782
1140;8;6;948706;782
1140;7;1;1978611;1629
1140;7;6;1984796;1629
1140;1;1;1515366;1253
1140;1;6;1514845;1253
1140;3;1;1576855;1302
1140;3;6;1567965;1302
1140;6;1;452865;374
1140;6;6;448385;374
1140;5;1;1012481;832
1140;5;6;1000498;832
1140;4;1;1356146;1130
1140;4;6;1366964;1130
1140;2;1;728114;604
1140;2;6;730658;604
1170;8;1;949325;783
1170;8;6;948932;783
1170;7;1;1967627;1634
1170;7;6;1973336;1634
1170;1;1;1521585;1251
1170;1;6;1508499;1251
1170;3;1;1587190;1305
1170;3;6;1579929;1305
1170;6;1;439909;368
1170;6;6;444750;368
1170;5;1;1013864;832
1170;5;6;1006528;832
1170;4;1;1379744;1132
1170;4;6;1369128;1132
1170;2;1;735978;605
1170;2;6;733950;605
1200;8;1;955491;785
1200;8;6;955624;785
1200;7;1;1980891;1630
1200;7;6;1968908;1630
1200;1;1;1514368;1252
1200;1;6;1514634;1252
1200;3;1;1602817;1311
1200;3;6;1585527;1311
1200;6;1;452919;371
1200;6;6;452872;371
1200;5;1;1009865;832
1200;5;6;1012063;832
1200;4;1;1377782;1132
1200;4;6;1366516;1132
1200;2;1;727951;600
1200;2;6;726848;600
1230;8;1;950146;784
1230;8;6;952412;784
1230;7;1;1982938;1629
1230;7;6;1982768;1629
1230;1;1;1521529;1250
1230;1;6;1515900;1250
1230;3;1;1582721;1307
1230;3;6;1595119;1307
1230;6;1;449228;372
1230;6;6;450068;372
1230;5;1;1001073;832
1230;5;6;1004235;832
1230;4;1;1367248;1133
1230;4;6;1373067;1133
1230;2;1;738929;609
1230;2;6;741333;609
1260;8;1;582174;480
1260;8;6;577956;480
1260;7;1;723204;599
1260;7;6;713515;599
1260;1;1;731148;600
1260;1;6;724656;600
1260;3;1;906215;751
1260;3;6;905675;751
1260;6;1;145766;118
1260;6;6;142208;118
1260;5;1;552264;454
1260;5;6;544850;454
1260;4;1;550012;453
1260;4;6;549167;453
1260;2;1;301955;250
1260;2;6;299167;250
1290;8;1;948294;786
1290;8;6;955049;786
1290;7;1;1975312;1627
1290;7;6;1969757;1627
1290;1;1;1515367;1251
1290;1;6;1516987;1251
1290;3;1;1596914;1314
1290;3;6;1587297;1314
1290;6;1;457773;373
1290;6;6;450329;373
1290;5;1;1005516;832
1290;5;6;1009055;832
1290;4;1;1378246;1134
1290;4;6;1378889;1134
1290;2;1;727720;603
1290;2;6;732606;603
1320;8;1;950752;786
1320;8;6;951501;786
1320;7;1;1974239;1628
1320;7;6;1983563;1628
1320;1;1;1521434;1254
1320;1;6;1526236;1254
1320;3;1;1593249;1314
1320;3;6;1584601;1314
1320;6;1;451122;373
1320;6;6;456028;373
1320;5;1;1010459;832
1320;5;6;1015241;832
1320;4;1;1376692;1135
1320;4;6;1374272;1135
1320;2;1;732526;602
1320;2;6;729406;602
1350;8;1;948899;785
1350;8;6;946748;785
1350;7;1;1995626;1631
1350;7;6;1966382;1631
1350;1;1;1519720;1254
1350;1;6;1505831;1254
1350;3;1;1584122;1311
1350;3;6;1597762;1311
1350;6;1;445631;370
1350;6;6;449036;370
1350;5;1;1012470;832
1350;5;6;1009461;832
1350;4;1;1379750;1135
1350;4;6;1384453;1135
1350;2;1;730684;608
1350;2;6;736664;608
1380;8;1;959107;785
1380;8;6;949153;785
1380;7;1;1982276;1630
1380;7;6;1981628;1630
1380;1;1;1521336;1255
1380;1;6;1526511;1255
1380;3;1;1581318;1313
1380;3;6;1579787;1313
1380;6;1;449251;372
1380;6;6;450771;372
1380;5;1;1012659;832
1380;5;6;1008356;832
1380;4;1;1374715;1135
1380;4;6;1373102;1135
1380;2;1;736049;606
1380;2;6;732639;606
1410;8;1;950351;788
1410;8;6;949368;788
1410;7;1;1981072;1628
1410;7;6;1971612;1628
1410;1;1;1525385;1254
1410;1;6;1517118;1254
1410;3;1;1598950;1313
1410;3;6;1588807;1313
1410;6;1;446227;371
1410;6;6;447404;371
1410;5;1;1008946;832
1410;5;6;997819;832
1410;4;1;1386288;1136
1410;4;6;1382865;1136
1410;2;1;734376;610
1410;2;6;738461;610
1440;8;1;960526;790
1440;8;6;962589;790
1440;7;1;1965868;1628
1440;7;6;1980197;1628
1440;1;1;1508207;1252
1440;1;6;1521297;1252
1440;3;1;1591680;1319
1440;3;6;1609735;1319
1440;6;1;454915;370
1440;6;6;447846;370
1440;5;1;1017362;832
1440;5;6;1001918;832
1440;4;1;1382863;1139
1440;4;6;1379525;1139
1440;2;1;736223;606
1440;2;6;728387;606
1470;8;1;954564;787
1470;8;6;954432;787
1470;7;1;1972892;1631
1470;7;6;1986764;1631
1470;1;1;1518983;1251
1470;1;6;1518970;1251
1470;3;1;1604508;1319
1470;3;6;1613656;1319
1470;6;1;450075;371
1470;6;6;449520;371
1470;5;1;1010157;832
1470;5;6;1000563;832
1470;4;1;1383033;1142
1470;4;6;1378790;1142
1470;2;1;735003;607
1470;2;6;729402;607
1500;8;1;588092;484
1500;8;6;587109;484
1500;7;1;723154;599
1500;7;6;725434;599
1500;1;1;733921;602
1500;1;6;730055;602
1500;3;1;919195;757
1500;3;6;910152;757
1500;6;1;146162;118
1500;6;6;143796;118
1500;5;1;553869;454
1500;5;6;550508;454
1500;4;1;563099;462
1500;4;6;561346;462
1500;2;1;309153;253
1500;2;6;305176;253
1530;8;1;949370;787
1530;8;6;951309;787
1530;7;1;1979596;1631
1530;7;6;1987554;1631
1530;1;1;1532356;1255
1530;1;6;1527227;1255
1530;3;1;1601768;1319
1530;3;6;1597840;1319
1530;6;1;448061;371
1530;6;6;450842;371
1530;5;1;1010635;832
1530;5;6;1013314;832
1530;4;1;1373879;1142
1530;4;6;1386485;1142
1530;2;1;732694;607
1530;2;6;741516;607
1560;8;1;583722;484
1560;8;6;582084;484
1560;7;1;720096;599
1560;7;6;724459;599
1560;1;1;727693;602
1560;1;6;734356;602
1560;3;1;924520;760
1560;3;6;921082;760
1560;6;1;143264;118
1560;6;6;143408;118
1560;5;1;552030;454
1560;5;6;548221;454
1560;4;1;559127;464
1560;4;6;556402;464
1560;2;1;305937;255
1560;2;6;310837;255
1590;8;1;957058;791
1590;8;6;960403;791
1590;7;1;1958747;1625
1590;7;6;1991087;1625
1590;1;1;1532251;1255
1590;1;6;1520075;1255
1590;3;1;1596124;1323
1590;3;6;1605113;1323
1590;6;1;456211;373
1590;6;6;451132;373
1590;5;1;1012165;832
1590;5;6;1013084;832
1590;4;1;1387923;1144
1590;4;6;1391436;1144
1590;2;1;729604;607
1590;2;6;738844;607
1620;8;1;960928;791
1620;8;6;957104;791
1620;7;1;1973094;1629
1620;7;6;1972798;1629
1620;1;1;1521899;1251
1620;1;6;1519050;1251
1620;3;1;1598177;1321
1620;3;6;1602537;1321
1620;6;1;448705;370
1620;6;6;445584;370
1620;5;1;1002416;832
1620;5;6;1005370;832
1620;4;1;1383000;1145
1620;4;6;1388218;1145
1620;2;1;745596;613
1620;2;6;743273;613
1650;8;1;955909;788
1650;8;6;962190;788
1650;7;1;1972476;1631
1650;7;6;1980193;1631
1650;1;1;1520214;1255
1650;1;6;1517523;1255
1650;3;1;1609097;1324
1650;3;6;1598010;1324
1650;6;1;448145;371
1650;6;6;450577;371
1650;5;1;1007580;832
1650;5;6;1010374;832
1650;4;1;1388978;1145
1650;4;6;1388151;1145
1650;2;1;742171;606
1650;2;6;738871;606
1680;8;1;952537;788
1680;8;6;953782;788
1680;7;1;1978173;1632
1680;7;6;1973093;1632
1680;1;1;1512293;1253
1680;1;6;1513808;1253
1680;3;1;1608139;1323
1680;3;6;1601778;1323
1680;6;1;451841;370
1680;6;6;448716;370
1680;5;1;1007407;832
1680;5;6;1004346;832
1680;4;1;1396542;1146
1680;4;6;1385495;1146
1680;2;1;736207;609
1680;2;6;743838;609
1710;8;1;968388;792
1710;8;6;954994;792
1710;7;1;1960967;1629
1710;7;6;1971098;1629
1710;1;1;1512449;1252
1710;1;6;1525538;1252
1710;3;1;1602964;1324
1710;3;6;1597005;1324
1710;6;1;448628;370
1710;6;6;450969;370
1710;5;1;1009530;832
1710;5;6;1006961;832
1710;4;1;1391773;1147
1710;4;6;1383355;1147
1710;2;1;730446;609
1710;2;6;734124;609
1740;8;1;955435;790
1740;8;6;957699;790
1740;7;1;1973779;1629
1740;7;6;1983818;1629
1740;1;1;1518227;1253
1740;1;6;1525849;1253
1740;3;1;1599895;1323
1740;3;6;1609048;1323
1740;6;1;452516;372
1740;6;6;450846;372
1740;5;1;1013702;832
1740;5;6;1006922;832
1740;4;1;1403066;1147
1740;4;6;1388567;1147
1740;2;1;739633;611
1740;2;6;749772;611
1770;8;1;585798;487
1770;8;6;590690;487
1770;7;1;729625;598
1770;7;6;730658;598
1770;1;1;728788;602
1770;1;6;737126;602
1770;3;1;925644;764
1770;3;6;924753;764
1770;6;1;142507;118
1770;6;6;142888;118
1770;5;1;546835;454
1770;5;6;541995;454
1770;4;1;567874;468
1770;4;6;568376;468
1770;2;1;307032;256
1770;2;6;309602;256
1800;8;1;966693;793
1800;8;6;966936;793
1800;7;1;1968001;1626
1800;7;6;1974829;1626
1800;1;1;1521979;1255
1800;1;6;1521891;1255
1800;3;1;1611049;1326
1800;3;6;1616631;1326
1800;6;1;451655;372
1800;6;6;447661;372
1800;5;1;1005392;832
1800;5;6;1007116;832
1800;4;1;1378639;1148
1800;4;6;1391224;1148
1800;2;1;739915;607
1800;2;6;733099;607
